ticker,date,horizon,decision,score,confidence,market_regime,archetype,phase,price,technical_score,fundamental_score,valuation_score,earnings_score,trend,rsi,is_extended,entry_preferred,stop_loss,first_target,sc_momentum,sc_trend,sc_entry_timing,sc_volume_accumulation,sc_volatility_risk,sc_relative_strength,sc_growth,sc_valuation,sc_quality,sc_ownership,sc_catalyst,forward_return,spy_return,qqq_return,excess_return,excess_return_vs_qqq,max_drawdown_period
AAPL,2021-01-04,short_term,WAIT_FOR_PULLBACK,58.97,medium,BULL_RISK_ON,PROFITABLE_GROWTH,3,125.85670471191406,100.0,68.0,45.0,40.0,strong_uptrend,54.96,False,119.9925,118.79,130.72,80.0,95.0,70.0,23.0,38.8,42.5,85.0,26.7,50.0,50.0,55.0,4.3119,3.46,5.939,0.8519,-1.6271,-2.3414
AAPL,2021-01-04,medium_term,BUY_STARTER,61.5,medium,BULL_RISK_ON,PROFITABLE_GROWTH,3,125.85670471191406,100.0,68.0,45.0,40.0,strong_uptrend,54.96,False,125.86,118.79,130.72,80.0,95.0,70.0,23.0,38.8,42.5,85.0,26.7,50.0,50.0,55.0,-2.327,10.483,7.0893,-12.81,-9.4163,-10.066
AAPL,2021-01-04,long_term,WATCHLIST_VALUATION_TOO_RICH,59.45,medium,BULL_RISK_ON,PROFITABLE_GROWTH,3,125.85670471191406,100.0,68.0,45.0,40.0,strong_uptrend,54.96,False,119.9925,118.79,130.72,80.0,95.0,70.0,23.0,38.8,42.5,85.0,26.7,50.0,50.0,55.0,41.513,31.2611,30.4889,10.2519,11.0241,-10.066
AAPL,2021-01-11,short_term,WATCHLIST,53.65,medium,BULL_RISK_ON,PROFITABLE_GROWTH,3,125.43849182128906,90.0,68.0,45.0,40.0,strong_uptrend,51.9,False,123.095,121.86,125.53,80.0,75.0,63.7,16.0,38.8,27.5,85.0,26.7,50.0,50.0,55.0,5.608,3.0526,6.0715,2.5554,-0.4635,-1.6436
AAPL,2021-01-11,medium_term,WATCHLIST_NEEDS_CONFIRMATION,53.9,medium,BULL_RISK_ON,PROFITABLE_GROWTH,3,125.43849182128906,90.0,68.0,45.0,40.0,strong_uptrend,51.9,False,123.095,121.86,125.53,80.0,75.0,63.7,16.0,38.8,27.5,85.0,26.7,50.0,50.0,55.0,4.3812,9.3803,8.4632,-4.9991,-4.082,-9.7661
AAPL,2021-01-11,long_term,WATCHLIST_VALUATION_TOO_RICH,57.45,medium,BULL_RISK_ON,PROFITABLE_GROWTH,3,125.43849182128906,90.0,68.0,45.0,40.0,strong_uptrend,51.9,False,123.095,121.86,125.53,80.0,75.0,63.7,16.0,38.8,27.5,85.0,26.7,50.0,50.0,55.0,34.3243,24.565,21.4748,9.7593,12.8495,-9.7661
AAPL,2021-01-18,short_term,WATCHLIST,45.68,low,BULL_RISK_ON,PROFITABLE_GROWTH,3,123.6490249633789,85.0,68.0,45.0,40.0,strong_uptrend,48.09,False,123.2375,122.01,123.77,55.0,75.0,62.5,11.0,48.2,22.2,85.0,26.7,50.0,50.0,55.0,4.9151,3.6049,6.0459,1.3102,-1.1308,-0.1573
AAPL,2021-01-18,medium_term,WATCHLIST_NEEDS_CONFIRMATION,52.28,medium,BULL_RISK_ON,PROFITABLE_GROWTH,3,123.6490249633789,85.0,68.0,45.0,40.0,strong_uptrend,48.09,False,123.2375,122.01,123.77,55.0,75.0,62.5,11.0,48.2,22.2,85.0,26.7,50.0,50.0,55.0,6.2148,10.0145,7.2368,-3.7997,-1.022,-8.4602
AAPL,2021-01-18,long_term,WATCHLIST_VALUATION_TOO_RICH,56.66,medium,BULL_RISK_ON,PROFITABLE_GROWTH,3,123.6490249633789,85.0,68.0,45.0,40.0,strong_uptrend,48.09,False,123.2375,122.01,123.77,55.0,75.0,62.5,11.0,48.2,22.2,85.0,26.7,50.0,50.0,55.0,36.9647,24.3667,20.6791,12.598,16.2856,-8.4602
AAPL,2021-01-25,short_term,BUY_STARTER_STRONG_BUT_EXTENDED,73.53,medium_high,BULL_RISK_ON,PROFITABLE_GROWTH,3,138.99574279785156,100.0,68.0,45.0,40.0,strong_uptrend,69.66,True,123.3438,122.11,152.9,92.0,90.0,48.8,65.0,52.9,74.8,85.0,26.7,50.0,50.0,55.0,-11.8051,0.809,-2.0207,-12.6141,-9.7844,-17.0397
AAPL,2021-01-25,medium_term,BUY_STARTER,72.08,medium_high,BULL_RISK_ON,PROFITABLE_GROWTH,3,138.99574279785156,100.0,68.0,45.0,40.0,strong_uptrend,69.66,True,139.0,122.11,152.9,92.0,90.0,48.8,65.0,52.9,74.8,85.0,26.7,50.0,50.0,55.0,-5.5966,8.9981,4.2521,-14.5947,-9.8487,-18.5673
AAPL,2021-01-25,long_term,WATCHLIST_VALUATION_TOO_RICH,60.25,medium,BULL_RISK_ON,PROFITABLE_GROWTH,3,138.99574279785156,100.0,68.0,45.0,40.0,strong_uptrend,69.66,True,123.3438,122.11,152.9,92.0,90.0,48.8,65.0,52.9,74.8,85.0,26.7,50.0,50.0,55.0,13.7814,15.9507,8.1961,-2.1693,5.5853,-18.5673
AAPL,2021-02-01,short_term,WAIT_FOR_PULLBACK,65.09,medium_high,BULL_RISK_ON,PROFITABLE_GROWTH,3,130.4568328857422,100.0,68.0,45.0,50.0,strong_uptrend,52.17,False,126.63,125.36,130.72,80.0,90.0,67.5,50.0,41.2,42.5,85.0,26.7,50.0,50.0,60.0,-6.5849,2.7403,-1.2468,-9.3252,-5.3381,-11.6096
AAPL,2021-02-01,medium_term,BUY_STARTER,65.21,medium_high,BULL_RISK_ON,PROFITABLE_GROWTH,3,130.4568328857422,100.0,68.0,45.0,50.0,strong_uptrend,52.17,False,130.46,125.36,130.72,80.0,90.0,67.5,50.0,41.2,42.5,85.0,26.7,50.0,50.0,60.0,-1.0452,11.5195,4.4025,-12.5647,-5.4477,-13.2372
AAPL,2021-02-01,long_term,WATCHLIST_VALUATION_TOO_RICH,59.56,medium,BULL_RISK_ON,PROFITABLE_GROWTH,3,130.4568328857422,100.0,68.0,45.0,50.0,strong_uptrend,52.17,False,126.63,125.36,130.72,80.0,90.0,67.5,50.0,41.2,42.5,85.0,26.7,50.0,50.0,60.0,31.0999,21.1778,13.1441,9.9221,17.9558,-13.2372
AAPL,2021-02-08,short_term,WAIT_FOR_PULLBACK,69.54,medium_high,BULL_RISK_ON,PROFITABLE_GROWTH,3,133.34976196289062,100.0,68.0,45.0,50.0,strong_uptrend,56.08,False,129.94,128.64,133.59,100.0,90.0,72.5,37.0,48.2,42.5,85.0,26.7,50.0,50.0,60.0,-11.5551,-0.8553,-6.5382,-10.6998,-5.0169,-15.1194
AAPL,2021-02-08,medium_term,BUY_STARTER,63.17,medium,BULL_RISK_ON,PROFITABLE_GROWTH,3,133.34976196289062,100.0,68.0,45.0,50.0,strong_uptrend,56.08,False,133.35,128.64,133.59,100.0,90.0,72.5,37.0,48.2,42.5,85.0,26.7,50.0,50.0,60.0,-7.1905,7.3747,-2.221,-14.5652,-4.9695,-15.1194
AAPL,2021-02-08,long_term,WATCHLIST_VALUATION_TOO_RICH,60.91,medium,BULL_RISK_ON,PROFITABLE_GROWTH,3,133.34976196289062,100.0,68.0,45.0,50.0,strong_uptrend,56.08,False,129.94,128.64,133.59,100.0,90.0,72.5,37.0,48.2,42.5,85.0,26.7,50.0,50.0,60.0,26.1268,16.059,6.9731,10.0678,19.1537,-15.1194
AAPL,2021-02-15,short_term,WAIT_FOR_PULLBACK,63.14,medium,BULL_RISK_ON,PROFITABLE_GROWTH,3,131.84976196289062,100.0,68.0,45.0,50.0,strong_uptrend,52.97,False,131.41,130.1,134.46,80.0,75.0,66.2,54.0,48.2,22.2,85.0,26.7,50.0,50.0,60.0,-8.4066,1.0476,-4.98,-9.4542,-3.4266,-14.1538
AAPL,2021-02-15,medium_term,WATCHLIST_NEEDS_CONFIRMATION,59.53,medium,BULL_RISK_ON,PROFITABLE_GROWTH,3,131.84976196289062,100.0,68.0,45.0,50.0,strong_uptrend,52.97,False,131.41,130.1,134.46,80.0,75.0,66.2,54.0,48.2,22.2,85.0,26.7,50.0,50.0,60.0,-5.6907,6.5369,-2.6041,-12.2276,-3.0866,-14.1538
AAPL,2021-02-15,long_term,WATCHLIST_VALUATION_TOO_RICH,58.41,medium,BULL_RISK_ON,PROFITABLE_GROWTH,3,131.84976196289062,100.0,68.0,45.0,50.0,strong_uptrend,52.97,False,131.41,130.1,134.46,80.0,75.0,66.2,54.0,48.2,22.2,85.0,26.7,50.0,50.0,60.0,25.3175,13.7729,3.9316,11.5446,21.3859,-14.1538
AAPL,2021-02-22,short_term,WATCHLIST,40.44,low,BULL_RISK_ON,PROFITABLE_GROWTH,3,122.72345733642578,60.0,68.0,45.0,50.0,weak_uptrend,35.42,False,119.9925,118.79,123.77,38.7,50.0,48.8,27.0,38.8,17.0,85.0,26.7,50.0,50.0,60.0,-2.0714,1.7688,-1.063,-3.8402,-1.0084,-7.7699
AAPL,2021-02-22,medium_term,WATCHLIST_NEEDS_CONFIRMATION,49.28,low,BULL_RISK_ON,PROFITABLE_GROWTH,3,122.72345733642578,60.0,68.0,45.0,50.0,weak_uptrend,35.42,False,119.9925,118.79,123.77,38.7,50.0,48.8,27.0,38.8,17.0,85.0,26.7,50.0,50.0,60.0,-0.2833,7.5625,1.5454,-7.8458,-1.8287,-7.7699
AAPL,2021-02-22,long_term,WATCHLIST_VALUATION_TOO_RICH,53.38,medium,BULL_RISK_ON,PROFITABLE_GROWTH,3,122.72345733642578,60.0,68.0,45.0,50.0,weak_uptrend,35.42,False,119.9925,118.79,123.77,38.7,50.0,48.8,27.0,38.8,17.0,85.0,26.7,50.0,50.0,60.0,33.5669,13.691,6.4245,19.8759,27.1424,-7.7699
AAPL,2021-03-01,short_term,WATCHLIST,54.16,medium,BULL_RISK_ON,PROFITABLE_GROWTH,3,124.46688079833984,65.0,68.0,45.0,50.0,weak_uptrend,45.59,False,123.7219,122.48,125.53,60.0,55.0,66.2,34.0,31.8,38.0,85.0,26.7,50.0,50.0,60.0,-5.0082,1.9242,-2.2501,-6.9324,-2.7581,-9.0617
AAPL,2021-03-01,medium_term,WATCHLIST_NEEDS_CONFIRMATION,54.7,medium,BULL_RISK_ON,PROFITABLE_GROWTH,3,124.46688079833984,65.0,68.0,45.0,50.0,weak_uptrend,45.59,False,123.7219,122.48,125.53,60.0,55.0,66.2,34.0,31.8,38.0,85.0,26.7,50.0,50.0,60.0,-2.3228,8.1718,3.3257,-10.4946,-5.6485,-9.0617
AAPL,2021-03-01,long_term,WATCHLIST_VALUATION_TOO_RICH,54.59,medium,BULL_RISK_ON,PROFITABLE_GROWTH,3,124.46688079833984,65.0,68.0,45.0,50.0,weak_uptrend,45.59,False,123.7219,122.48,125.53,60.0,55.0,66.2,34.0,31.8,38.0,85.0,26.7,50.0,50.0,60.0,29.98,13.5711,7.689,16.4089,22.291,-9.0617
AAPL,2021-03-08,short_term,AVOID_BAD_CHART,22.69,low,BULL_RISK_ON,PROFITABLE_GROWTH,3,113.33412170410156,45.0,68.0,45.0,50.0,weak_uptrend,31.65,False,112.26,111.14,113.91,0.0,40.0,35.0,15.0,34.1,10.0,85.0,26.7,50.0,50.0,60.0,8.4651,6.7406,10.4347,1.7245,-1.9696,2.0883
AAPL,2021-03-08,medium_term,AVOID_BAD_BUSINESS,44.22,low,BULL_RISK_ON,PROFITABLE_GROWTH,3,113.33412170410156,45.0,68.0,45.0,50.0,weak_uptrend,31.65,False,112.26,111.14,113.91,0.0,40.0,35.0,15.0,34.1,10.0,85.0,26.7,50.0,50.0,60.0,8.3825,10.9643,12.3642,-2.5818,-3.9817,2.0883
AAPL,2021-03-08,long_term,WATCHLIST_VALUATION_TOO_RICH,50.21,medium,BULL_RISK_ON,PROFITABLE_GROWTH,3,113.33412170410156,45.0,68.0,45.0,50.0,weak_uptrend,31.65,False,112.26,111.14,113.91,0.0,40.0,35.0,15.0,34.1,10.0,85.0,26.7,50.0,50.0,60.0,37.7164,11.3436,8.8301,26.3728,28.8863,2.0883
AAPL,2021-03-15,short_term,WATCHLIST,50.97,medium,BULL_RISK_ON,PROFITABLE_GROWTH,3,120.76570892333984,45.0,68.0,45.0,50.0,weak_uptrend,47.45,False,119.9925,118.79,123.21,60.0,45.0,72.5,20.0,38.8,24.0,85.0,26.7,50.0,50.0,60.0,8.42,4.4909,6.963,3.9291,1.457,-4.1374
AAPL,2021-03-15,medium_term,WATCHLIST_NEEDS_CONFIRMATION,48.24,low,BULL_RISK_ON,PROFITABLE_GROWTH,3,120.76570892333984,45.0,68.0,45.0,50.0,weak_uptrend,47.45,False,119.9925,118.79,123.21,60.0,45.0,72.5,20.0,38.8,24.0,85.0,26.7,50.0,50.0,60.0,5.4131,7.6292,8.1909,-2.2161,-2.7778,-4.1374
AAPL,2021-03-15,long_term,WATCHLIST_VALUATION_TOO_RICH,53.95,medium,BULL_RISK_ON,PROFITABLE_GROWTH,3,120.76570892333984,45.0,68.0,45.0,50.0,weak_uptrend,47.45,False,119.9925,118.79,123.21,60.0,45.0,72.5,20.0,38.8,24.0,85.0,26.7,50.0,50.0,60.0,22.1995,6.5964,0.2737,15.6031,21.9258,-4.1374
AAPL,2021-03-22,short_term,WATCHLIST,41.75,low,BULL_RISK_ON,PROFITABLE_GROWTH,3,120.18131256103516,45.0,68.0,45.0,50.0,weak_uptrend,47.85,False,119.9925,118.79,120.21,30.0,55.0,72.5,18.0,38.8,20.0,85.0,26.7,50.0,50.0,60.0,7.8775,4.9874,5.5867,2.8901,2.2908,-3.6713
AAPL,2021-03-22,medium_term,WATCHLIST_NEEDS_CONFIRMATION,49.38,low,BULL_RISK_ON,PROFITABLE_GROWTH,3,120.18131256103516,45.0,68.0,45.0,50.0,weak_uptrend,47.85,False,119.9925,118.79,120.21,30.0,55.0,72.5,18.0,38.8,20.0,85.0,26.7,50.0,50.0,60.0,7.4031,7.5516,8.2073,-0.1485,-0.8042,-3.6713
AAPL,2021-03-22,long_term,WATCHLIST_VALUATION_TOO_RICH,53.45,medium,BULL_RISK_ON,PROFITABLE_GROWTH,3,120.18131256103516,45.0,68.0,45.0,50.0,weak_uptrend,47.85,False,119.9925,118.79,120.21,30.0,55.0,72.5,18.0,38.8,20.0,85.0,26.7,50.0,50.0,60.0,34.8269,14.684,10.4037,20.1429,24.4232,-3.6713
AAPL,2021-03-29,short_term,AVOID_BAD_CHART,39.94,low,BULL_RISK_ON,PROFITABLE_GROWTH,3,118.23332977294922,40.0,68.0,45.0,40.0,weak_uptrend,45.41,False,118.18,117.0,121.18,35.0,40.0,66.2,11.0,41.2,20.0,85.0,26.7,50.0,50.0,55.0,10.7093,5.4929,7.6731,5.2164,3.0362,-2.0842
AAPL,2021-03-29,medium_term,AVOID_BAD_BUSINESS,44.64,low,BULL_RISK_ON,PROFITABLE_GROWTH,3,118.23332977294922,40.0,68.0,45.0,40.0,weak_uptrend,45.41,False,118.18,117.0,121.18,35.0,40.0,66.2,11.0,41.2,20.0,85.0,26.7,50.0,50.0,55.0,11.2191,8.3603,12.0954,2.8588,-0.8763,-2.0842
AAPL,2021-03-29,long_term,WATCHLIST_VALUATION_TOO_RICH,51.81,medium,BULL_RISK_ON,PROFITABLE_GROWTH,3,118.23332977294922,40.0,68.0,45.0,40.0,weak_uptrend,45.41,False,118.18,117.0,121.18,35.0,40.0,66.2,11.0,41.2,20.0,85.0,26.7,50.0,50.0,55.0,45.5175,16.7087,16.0642,28.8088,29.4533,-2.0842
AAPL,2021-04-05,short_term,WAIT_FOR_PULLBACK,58.0,medium,BULL_RISK_ON,PROFITABLE_GROWTH,3,122.62603759765625,55.0,68.0,45.0,40.0,weak_uptrend,55.24,False,119.9925,118.79,123.61,65.0,55.0,63.7,53.0,45.9,25.2,85.0,26.7,50.0,50.0,55.0,5.274,2.9137,1.5526,2.3603,3.7214,-0.6037
AAPL,2021-04-05,medium_term,WATCHLIST_NEEDS_CONFIRMATION,55.15,medium,BULL_RISK_ON,PROFITABLE_GROWTH,3,122.62603759765625,55.0,68.0,45.0,40.0,weak_uptrend,55.24,False,119.9925,118.79,123.61,65.0,55.0,63.7,53.0,45.9,25.2,85.0,26.7,50.0,50.0,55.0,11.3564,7.0821,8.4597,4.2743,2.8967,-2.7342
AAPL,2021-04-05,long_term,WATCHLIST_VALUATION_TOO_RICH,55.05,medium,BULL_RISK_ON,PROFITABLE_GROWTH,3,122.62603759765625,55.0,68.0,45.0,40.0,weak_uptrend,55.24,False,119.9925,118.79,123.61,65.0,55.0,63.7,53.0,45.9,25.2,85.0,26.7,50.0,50.0,55.0,39.274,12.9246,9.8274,26.3494,29.4466,-2.7342
AAPL,2021-04-12,short_term,WAIT_FOR_PULLBACK,61.95,medium,BULL_RISK_ON,PROFITABLE_GROWTH,3,127.82719421386719,70.0,68.0,45.0,40.0,strong_uptrend,62.18,False,126.63,125.36,129.28,65.0,80.0,63.7,73.0,45.9,22.8,85.0,26.7,50.0,50.0,55.0,-3.1809,1.5305,-3.2406,-4.7114,0.0597,-3.4593
AAPL,2021-04-12,medium_term,BUY_STARTER,63.11,medium,BULL_RISK_ON,PROFITABLE_GROWTH,3,127.82719421386719,70.0,68.0,45.0,40.0,strong_uptrend,62.18,False,127.83,125.36,129.28,65.0,80.0,63.7,73.0,45.9,22.8,85.0,26.7,50.0,50.0,55.0,10.2906,6.5275,7.7733,3.7631,2.5173,-6.6918
AAPL,2021-04-12,long_term,WATCHLIST_VALUATION_TOO_RICH,57.55,medium,BULL_RISK_ON,PROFITABLE_GROWTH,3,127.82719421386719,70.0,68.0,45.0,40.0,strong_uptrend,62.18,False,126.63,125.36,129.28,65.0,80.0,63.7,73.0,45.9,22.8,85.0,26.7,50.0,50.0,55.0,30.3725,10.1593,4.2037,20.2132,26.1688,-6.6918
AAPL,2021-04-19,short_term,BUY_NOW_MOMENTUM,76.8,medium_high,BULL_RISK_ON,PROFITABLE_GROWTH,3,131.33355712890625,90.0,68.0,45.0,40.0,strong_uptrend,64.44,False,129.875,128.58,132.52,100.0,80.0,63.7,81.0,45.9,45.0,85.0,26.7,50.0,50.0,55.0,-6.1966,0.0746,-4.27,-6.2712,-1.9266,-9.183
AAPL,2021-04-19,medium_term,BUY_STARTER,67.84,medium_high,BULL_RISK_ON,PROFITABLE_GROWTH,3,131.33355712890625,90.0,68.0,45.0,40.0,strong_uptrend,64.44,False,131.33,128.58,132.52,100.0,80.0,63.7,81.0,45.9,45.0,85.0,26.7,50.0,50.0,55.0,5.8232,2.6855,4.7809,3.1377,1.0423,-9.183
AAPL,2021-04-19,long_term,WATCHLIST_VALUATION_TOO_RICH,59.3,medium,BULL_RISK_ON,PROFITABLE_GROWTH,3,131.33355712890625,90.0,68.0,45.0,40.0,strong_uptrend,64.44,False,129.875,128.58,132.52,100.0,80.0,63.7,81.0,45.9,45.0,85.0,26.7,50.0,50.0,55.0,23.1468,6.8696,0.4228,16.2772,22.724,-9.183
AAPL,2021-04-26,short_term,WAIT_FOR_PULLBACK,66.15,medium_high,BULL_RISK_ON,PROFITABLE_GROWTH,3,131.21669006347656,85.0,68.0,45.0,40.0,strong_uptrend,61.58,False,129.875,128.58,132.32,70.0,80.0,68.8,81.0,45.9,22.8,85.0,26.7,50.0,50.0,55.0,-5.4959,0.3736,-2.6696,-5.8695,-2.8263,-9.1021
AAPL,2021-04-26,medium_term,BUY_STARTER,64.36,medium,BULL_RISK_ON,PROFITABLE_GROWTH,3,131.21669006347656,85.0,68.0,45.0,40.0,strong_uptrend,61.58,False,131.22,128.58,132.32,70.0,80.0,68.8,81.0,45.9,22.8,85.0,26.7,50.0,50.0,55.0,10.7802,5.9512,7.9874,4.829,2.7928,-9.1021
AAPL,2021-04-26,long_term,WATCHLIST_VALUATION_TOO_RICH,57.8,medium,BULL_RISK_ON,PROFITABLE_GROWTH,3,131.21669006347656,85.0,68.0,45.0,40.0,strong_uptrend,61.58,False,129.875,128.58,132.32,70.0,80.0,68.8,81.0,45.9,22.8,85.0,26.7,50.0,50.0,55.0,21.6212,3.9604,-3.0651,17.6608,24.6863,-9.1021
AAPL,2021-05-03,short_term,WATCHLIST,50.08,medium,BULL_RISK_ON,PROFITABLE_GROWTH,3,129.09335327148438,90.0,68.0,45.0,50.0,strong_uptrend,54.78,False,127.8787,126.6,129.28,60.0,80.0,66.2,20.0,45.9,22.2,85.0,26.7,50.0,50.0,60.0,-6.0728,0.3515,-1.0024,-6.4243,-5.0704,-7.607
AAPL,2021-05-03,medium_term,WATCHLIST_NEEDS_CONFIRMATION,55.25,medium,BULL_RISK_ON,PROFITABLE_GROWTH,3,129.09335327148438,90.0,68.0,45.0,50.0,strong_uptrend,54.78,False,127.8787,126.6,129.28,60.0,80.0,66.2,20.0,45.9,22.2,85.0,26.7,50.0,50.0,60.0,9.9798,4.9788,8.5764,5.001,1.4034,-7.607
AAPL,2021-05-03,long_term,WATCHLIST_VALUATION_TOO_RICH,57.8,medium,BULL_RISK_ON,PROFITABLE_GROWTH,3,129.09335327148438,90.0,68.0,45.0,50.0,strong_uptrend,54.78,False,127.8787,126.6,129.28,60.0,80.0,66.2,20.0,45.9,22.2,85.0,26.7,50.0,50.0,60.0,19.8875,0.4147,-4.814,19.4728,24.7015,-7.607
AAPL,2021-05-10,short_term,AVOID_BAD_CHART,32.33,low,BULL_RISK_ON,PROFITABLE_GROWTH,3,123.76119232177734,80.0,68.0,45.0,50.0,strong_uptrend,42.76,False,119.9925,118.79,125.61,21.1,70.0,51.2,11.0,45.9,10.0,85.0,26.7,50.0,50.0,60.0,-0.0867,1.0384,3.3767,-1.1251,-3.4634,-3.6263
AAPL,2021-05-10,medium_term,WATCHLIST_NEEDS_CONFIRMATION,49.85,low,BULL_RISK_ON,PROFITABLE_GROWTH,3,123.76119232177734,80.0,68.0,45.0,50.0,strong_uptrend,42.76,False,119.9925,118.79,125.61,21.1,70.0,51.2,11.0,45.9,10.0,85.0,26.7,50.0,50.0,60.0,15.3401,6.134,13.322,9.2061,2.0181,-3.6263
AAPL,2021-05-10,long_term,WATCHLIST_VALUATION_TOO_RICH,54.85,medium,BULL_RISK_ON,PROFITABLE_GROWTH,3,123.76119232177734,80.0,68.0,45.0,50.0,strong_uptrend,42.76,False,119.9925,118.79,125.61,21.1,70.0,51.2,11.0,45.9,10.0,85.0,26.7,50.0,50.0,60.0,20.5587,-3.4767,-8.3455,24.0354,28.9042,-3.6263
AAPL,2021-05-17,short_term,AVOID_BAD_CHART,29.35,low,BULL_RISK_ON,PROFITABLE_GROWTH,3,123.1953125,45.0,68.0,45.0,50.0,weak_uptrend,44.93,False,119.8994,118.7,125.51,8.0,55.0,53.8,11.0,45.9,10.0,85.0,26.7,50.0,50.0,60.0,2.6689,2.1563,5.5023,0.5126,-2.8334,-2.7006
AAPL,2021-05-17,medium_term,WATCHLIST_NEEDS_CONFIRMATION,46.72,low,BULL_RISK_ON,PROFITABLE_GROWTH,3,123.1953125,45.0,68.0,45.0,50.0,weak_uptrend,44.93,False,119.8994,118.7,125.51,8.0,55.0,53.8,11.0,45.9,10.0,85.0,26.7,50.0,50.0,60.0,19.8594,7.9207,13.8707,11.9387,5.9887,-2.7006
AAPL,2021-05-17,long_term,WATCHLIST_VALUATION_TOO_RICH,52.7,medium,BULL_RISK_ON,PROFITABLE_GROWTH,3,123.1953125,45.0,68.0,45.0,50.0,weak_uptrend,44.93,False,119.8994,118.7,125.51,8.0,55.0,53.8,11.0,45.9,10.0,85.0,26.7,50.0,50.0,60.0,15.9195,-2.4463,-7.5646,18.3658,23.4841,-2.7006
AAPL,2021-05-24,short_term,WATCHLIST,49.25,low,BULL_RISK_ON,PROFITABLE_GROWTH,3,124.00511932373047,40.0,68.0,45.0,50.0,weak_uptrend,48.52,False,123.8438,122.61,125.55,60.0,50.0,68.8,18.0,55.3,10.0,85.0,26.7,50.0,50.0,60.0,5.413,1.2702,4.6504,4.1428,0.7626,-3.1235
AAPL,2021-05-24,medium_term,WATCHLIST_NEEDS_CONFIRMATION,46.78,low,BULL_RISK_ON,PROFITABLE_GROWTH,3,124.00511932373047,40.0,68.0,45.0,50.0,weak_uptrend,48.52,False,123.8438,122.61,125.55,60.0,50.0,68.8,18.0,55.3,10.0,85.0,26.7,50.0,50.0,60.0,17.9656,7.0504,12.3765,10.9152,5.5891,-3.1235
AAPL,2021-05-24,long_term,WATCHLIST_VALUATION_TOO_RICH,55.27,medium,BULL_RISK_ON,PROFITABLE_GROWTH,3,124.00511932373047,40.0,68.0,45.0,50.0,weak_uptrend,48.52,False,123.8438,122.61,125.55,60.0,50.0,68.8,18.0,55.3,10.0,85.0,26.7,50.0,50.0,60.0,13.2397,-4.062,-11.3152,17.3017,24.5549,-3.1235
AAPL,2021-05-31,short_term,AVOID_BAD_CHART,28.74,low,BULL_RISK_ON,PROFITABLE_GROWTH,3,121.57573699951172,45.0,68.0,45.0,50.0,weak_uptrend,42.83,False,119.9959,118.8,125.61,8.0,50.0,53.8,11.0,55.3,0.0,85.0,26.7,50.0,50.0,60.0,8.1615,2.1918,6.3999,5.9697,1.7616,-1.1877
AAPL,2021-05-31,medium_term,AVOID_BAD_BUSINESS,44.12,low,BULL_RISK_ON,PROFITABLE_GROWTH,3,121.57573699951172,45.0,68.0,45.0,50.0,weak_uptrend,42.83,False,119.9959,118.8,125.61,8.0,50.0,53.8,11.0,55.3,0.0,85.0,26.7,50.0,50.0,60.0,19.4308,7.6377,13.1171,11.7931,6.3137,-1.1877
AAPL,2021-05-31,long_term,WATCHLIST_VALUATION_TOO_RICH,52.67,medium,BULL_RISK_ON,PROFITABLE_GROWTH,3,121.57573699951172,45.0,68.0,45.0,50.0,weak_uptrend,42.83,False,119.9959,118.8,125.61,8.0,50.0,53.8,11.0,55.3,0.0,85.0,26.7,50.0,50.0,60.0,20.7728,0.2513,-6.6821,20.5215,27.4549,-1.1877
AAPL,2021-06-07,short_term,WATCHLIST,50.76,medium,BULL_RISK_ON,PROFITABLE_GROWTH,3,122.83433532714844,45.0,68.0,45.0,50.0,weak_uptrend,48.04,False,120.5027,119.3,125.61,60.0,65.0,72.5,16.0,55.3,17.0,85.0,26.7,50.0,50.0,60.0,12.8038,2.8793,7.1324,9.9245,5.6714,0.0318
AAPL,2021-06-07,medium_term,WATCHLIST_NEEDS_CONFIRMATION,50.69,medium,BULL_RISK_ON,PROFITABLE_GROWTH,3,122.83433532714844,45.0,68.0,45.0,50.0,weak_uptrend,48.04,False,120.5027,119.3,125.61,60.0,65.0,72.5,16.0,55.3,17.0,85.0,26.7,50.0,50.0,60.0,22.7412,7.6677,13.4915,15.0735,9.2497,0.0318
AAPL,2021-06-07,long_term,WATCHLIST_VALUATION_TOO_RICH,56.77,medium,BULL_RISK_ON,PROFITABLE_GROWTH,3,122.83433532714844,45.0,68.0,45.0,50.0,weak_uptrend,48.04,False,120.5027,119.3,125.61,60.0,65.0,72.5,16.0,55.3,17.0,85.0,26.7,50.0,50.0,60.0,16.7394,-1.1798,-8.2912,17.9192,25.0306,0.0318
AAPL,2021-06-14,short_term,WAIT_FOR_PULLBACK,65.59,medium_high,BULL_RISK_ON,PROFITABLE_GROWTH,3,127.30282592773438,70.0,68.0,45.0,50.0,strong_uptrend,60.35,False,123.8476,122.61,128.99,85.0,90.0,63.7,58.0,55.3,22.2,85.0,26.7,50.0,50.0,60.0,11.6186,2.7642,5.3207,8.8544,6.2979,-1.5481
AAPL,2021-06-14,medium_term,BUY_STARTER,63.28,medium,BULL_RISK_ON,PROFITABLE_GROWTH,3,127.30282592773438,70.0,68.0,45.0,50.0,strong_uptrend,60.35,False,127.3,122.61,128.99,85.0,90.0,63.7,58.0,55.3,22.2,85.0,26.7,50.0,50.0,60.0,14.787,5.357,9.363,9.43,5.424,-1.5481
AAPL,2021-06-14,long_term,WATCHLIST_VALUATION_TOO_RICH,60.52,medium,BULL_RISK_ON,PROFITABLE_GROWTH,3,127.30282592773438,70.0,68.0,45.0,50.0,strong_uptrend,60.35,False,123.8476,122.61,128.99,85.0,90.0,63.7,58.0,55.3,22.2,85.0,26.7,50.0,50.0,60.0,1.6504,-10.6582,-19.6745,12.3086,21.3249,-1.5481
AAPL,2021-06-21,short_term,WAIT_FOR_PULLBACK,68.56,medium_high,BULL_RISK_ON,PROFITABLE_GROWTH,3,129.0784912109375,95.0,68.0,45.0,50.0,strong_uptrend,62.15,False,127.8787,126.6,129.22,94.0,90.0,63.7,57.0,55.3,26.8,85.0,26.7,50.0,50.0,60.0,10.4686,2.4236,4.1904,8.045,6.2782,-0.514
AAPL,2021-06-21,medium_term,BUY_STARTER,63.84,medium,BULL_RISK_ON,PROFITABLE_GROWTH,3,129.0784912109375,95.0,68.0,45.0,50.0,strong_uptrend,62.15,False,129.08,126.6,129.22,94.0,90.0,63.7,57.0,55.3,26.8,85.0,26.7,50.0,50.0,60.0,8.2042,3.4621,6.3148,4.7421,1.8894,-0.514
AAPL,2021-06-21,long_term,WATCHLIST_VALUATION_TOO_RICH,60.97,medium,BULL_RISK_ON,PROFITABLE_GROWTH,3,129.0784912109375,95.0,68.0,45.0,50.0,strong_uptrend,62.15,False,127.8787,126.6,129.22,94.0,90.0,63.7,57.0,55.3,26.8,85.0,26.7,50.0,50.0,60.0,3.2852,-9.613,-17.9226,12.8982,21.2078,-1.9068
AAPL,2021-06-28,short_term,WAIT_FOR_PULLBACK,66.63,medium_high,BULL_RISK_ON,PROFITABLE_GROWTH,3,131.4980926513672,100.0,68.0,45.0,40.0,strong_uptrend,66.05,False,131.41,130.1,134.48,90.5,90.0,51.2,63.0,55.3,32.8,85.0,26.7,50.0,50.0,55.0,8.896,2.6996,3.0307,6.1964,5.8653,-0.319
AAPL,2021-06-28,medium_term,BUY_STARTER,65.2,medium_high,BULL_RISK_ON,PROFITABLE_GROWTH,3,131.4980926513672,100.0,68.0,45.0,40.0,strong_uptrend,66.05,False,131.5,130.1,134.48,90.5,90.0,51.2,63.0,55.3,32.8,85.0,26.7,50.0,50.0,55.0,8.0189,3.8805,4.8205,4.1384,3.1984,-0.319
AAPL,2021-06-28,long_term,WATCHLIST_VALUATION_TOO_RICH,60.3,medium,BULL_RISK_ON,PROFITABLE_GROWTH,3,131.4980926513672,100.0,68.0,45.0,40.0,strong_uptrend,66.05,False,131.41,130.1,134.48,90.5,90.0,51.2,63.0,55.3,32.8,85.0,26.7,50.0,50.0,55.0,2.5562,-9.6867,-19.3929,12.2429,21.9491,-3.7118
AAPL,2021-07-05,short_term,BUY_STARTER_STRONG_BUT_EXTENDED,71.43,medium_high,BULL_RISK_ON,PROFITABLE_GROWTH,3,136.55197143554688,80.0,68.0,45.0,40.0,strong_uptrend,75.6,True,131.93,130.61,141.11,85.0,95.0,38.8,88.0,68.2,46.0,85.0,26.7,50.0,50.0,55.0,3.9726,1.0764,1.2244,2.8962,2.7482,0.0786
AAPL,2021-07-05,medium_term,BUY_STARTER,72.21,medium_high,BULL_RISK_ON,PROFITABLE_GROWTH,3,136.55197143554688,80.0,68.0,45.0,40.0,strong_uptrend,75.6,True,136.55,130.61,141.11,85.0,95.0,38.8,88.0,68.2,46.0,85.0,26.7,50.0,50.0,55.0,2.0747,0.6239,0.1081,1.4508,1.9666,-0.4584
AAPL,2021-07-05,long_term,WATCHLIST_VALUATION_TOO_RICH,61.16,medium,BULL_RISK_ON,PROFITABLE_GROWTH,3,136.55197143554688,80.0,68.0,45.0,40.0,strong_uptrend,75.6,True,131.93,130.61,141.11,85.0,95.0,38.8,88.0,68.2,46.0,85.0,26.7,50.0,50.0,55.0,1.721,-10.5189,-19.8883,12.2399,21.6093,-7.2755
AAPL,2021-07-12,short_term,WAIT_FOR_PULLBACK,69.21,medium_high,BULL_RISK_ON,PROFITABLE_GROWTH,3,140.98143005371094,80.0,68.0,45.0,40.0,strong_uptrend,75.43,True,137.24,135.87,141.24,85.0,100.0,38.8,78.0,60.0,51.2,85.0,26.7,50.0,50.0,55.0,1.2518,1.1554,1.7411,0.0964,-0.4893,-1.9585
AAPL,2021-07-12,medium_term,BUY_STARTER,72.51,medium_high,BULL_RISK_ON,PROFITABLE_GROWTH,3,140.98143005371094,80.0,68.0,45.0,40.0,strong_uptrend,75.43,True,140.98,135.87,141.24,85.0,100.0,38.8,78.0,60.0,51.2,85.0,26.7,50.0,50.0,55.0,-0.9591,0.4994,-0.2372,-1.4585,-0.7219,-4.1681
AAPL,2021-07-12,long_term,WATCHLIST_VALUATION_TOO_RICH,61.26,medium,BULL_RISK_ON,PROFITABLE_GROWTH,3,140.98143005371094,80.0,68.0,45.0,40.0,strong_uptrend,75.43,True,137.24,135.87,141.24,85.0,100.0,38.8,78.0,60.0,51.2,85.0,26.7,50.0,50.0,55.0,1.5179,-11.6307,-20.581,13.1486,22.0989,-10.1888
AAPL,2021-07-19,short_term,BUY_NOW_MOMENTUM,72.6,medium_high,BULL_RISK_ON,PROFITABLE_GROWTH,3,138.9813232421875,100.0,68.0,45.0,40.0,strong_uptrend,58.2,False,137.24,135.87,141.24,80.0,100.0,67.5,78.0,55.3,45.2,85.0,26.7,50.0,50.0,55.0,6.2453,5.1768,4.0347,1.0685,2.2106,0.0631
AAPL,2021-07-19,medium_term,BUY_STARTER,71.57,medium_high,BULL_RISK_ON,PROFITABLE_GROWTH,3,138.9813232421875,100.0,68.0,45.0,40.0,strong_uptrend,58.2,False,138.98,135.87,141.24,80.0,100.0,67.5,78.0,55.3,45.2,85.0,26.7,50.0,50.0,55.0,1.8301,5.2541,4.1388,-3.424,-2.3087,-2.7889
AAPL,2021-07-19,long_term,WATCHLIST_VALUATION_TOO_RICH,60.77,medium,BULL_RISK_ON,PROFITABLE_GROWTH,3,138.9813232421875,100.0,68.0,45.0,40.0,strong_uptrend,58.2,False,137.24,135.87,141.24,80.0,100.0,67.5,78.0,55.3,45.2,85.0,26.7,50.0,50.0,55.0,6.6077,-6.3823,-15.4264,12.99,22.0341,-8.8963
AAPL,2021-07-26,short_term,BUY_NOW_MOMENTUM,72.96,medium_high,BULL_RISK_ON,PROFITABLE_GROWTH,3,145.3621368408203,100.0,68.0,45.0,40.0,strong_uptrend,67.82,False,140.13,138.73,146.35,92.0,100.0,56.2,73.0,60.0,46.0,85.0,26.7,50.0,50.0,55.0,0.6338,1.4149,1.2864,-0.7811,-0.6526,-4.3292
AAPL,2021-07-26,medium_term,BUY_STARTER,70.91,medium_high,BULL_RISK_ON,PROFITABLE_GROWTH,3,145.3621368408203,100.0,68.0,45.0,40.0,strong_uptrend,67.82,False,145.36,138.73,146.35,92.0,100.0,56.2,73.0,60.0,46.0,85.0,26.7,50.0,50.0,55.0,-0.0519,3.0728,1.635,-3.1247,-1.6869,-7.0561
AAPL,2021-07-26,long_term,WATCHLIST_VALUATION_TOO_RICH,61.6,medium,BULL_RISK_ON,PROFITABLE_GROWTH,3,145.3621368408203,100.0,68.0,45.0,40.0,strong_uptrend,67.82,False,140.13,138.73,146.35,92.0,100.0,56.2,73.0,60.0,46.0,85.0,26.7,50.0,50.0,55.0,2.3331,-10.1066,-19.6707,12.4397,22.0038,-12.8954
AAPL,2021-08-02,short_term,BUY_NOW_MOMENTUM,73.2,medium_high,BULL_RISK_ON,PROFITABLE_GROWTH,3,141.97657775878906,100.0,68.0,45.0,50.0,strong_uptrend,57.32,False,140.365,138.96,143.52,80.0,80.0,66.2,80.0,60.0,41.5,85.0,26.7,50.0,50.0,60.0,5.3803,3.3456,4.2951,2.0347,1.0852,-0.5521
AAPL,2021-08-02,medium_term,BUY_STARTER,67.65,medium_high,BULL_RISK_ON,PROFITABLE_GROWTH,3,141.97657775878906,100.0,68.0,45.0,50.0,strong_uptrend,57.32,False,141.98,138.96,143.52,80.0,80.0,66.2,80.0,60.0,41.5,85.0,26.7,50.0,50.0,60.0,3.0954,5.2861,6.017,-2.1907,-2.9216,-4.8398
AAPL,2021-08-02,long_term,WATCHLIST_VALUATION_TOO_RICH,59.51,medium,BULL_RISK_ON,PROFITABLE_GROWTH,3,141.97657775878906,100.0,68.0,45.0,50.0,strong_uptrend,57.32,False,140.365,138.96,143.52,80.0,80.0,66.2,80.0,60.0,41.5,85.0,26.7,50.0,50.0,60.0,10.5856,-5.4225,-13.3087,16.0081,23.8943,-10.8183
AAPL,2021-08-09,short_term,WAIT_FOR_PULLBACK,65.96,medium_high,BULL_RISK_ON,PROFITABLE_GROWTH,3,142.74627685546875,100.0,68.0,45.0,50.0,strong_uptrend,57.54,False,141.0025,139.59,144.16,90.0,80.0,66.2,34.0,68.2,36.2,85.0,26.7,50.0,50.0,60.0,7.2558,2.1102,3.6287,5.1456,3.6271,-1.0884
AAPL,2021-08-09,medium_term,WATCHLIST_NEEDS_CONFIRMATION,59.63,medium,BULL_RISK_ON,PROFITABLE_GROWTH,3,142.74627685546875,100.0,68.0,45.0,50.0,strong_uptrend,57.54,False,141.0025,139.59,144.16,90.0,80.0,66.2,34.0,68.2,36.2,85.0,26.7,50.0,50.0,60.0,3.7037,6.3106,8.2206,-2.6069,-4.5169,-5.3529
AAPL,2021-08-09,long_term,WATCHLIST_VALUATION_TOO_RICH,60.41,medium,BULL_RISK_ON,PROFITABLE_GROWTH,3,142.74627685546875,100.0,68.0,45.0,50.0,strong_uptrend,57.54,False,141.0025,139.59,144.16,90.0,80.0,66.2,34.0,68.2,36.2,85.0,26.7,50.0,50.0,60.0,13.5219,-5.6389,-13.5298,19.1608,27.0517,-11.2991
AAPL,2021-08-16,short_term,BUY_NOW_MOMENTUM,77.91,medium_high,BULL_RISK_ON,PROFITABLE_GROWTH,3,147.66110229492188,100.0,68.0,45.0,50.0,strong_uptrend,69.21,False,141.4862,140.07,162.43,92.0,95.0,51.2,80.0,68.2,65.0,85.0,26.7,50.0,50.0,60.0,-1.9852,-0.6264,1.702,-1.3588,-3.6872,-4.3806
AAPL,2021-08-16,medium_term,BUY_NOW,74.46,medium_high,BULL_RISK_ON,PROFITABLE_GROWTH,3,147.66110229492188,100.0,68.0,45.0,50.0,strong_uptrend,69.21,False,147.66,140.07,162.43,92.0,95.0,51.2,80.0,68.2,65.0,85.0,26.7,50.0,50.0,60.0,-0.6029,4.8766,7.0891,-5.4795,-7.692,-8.5032
AAPL,2021-08-16,long_term,WATCHLIST_VALUATION_TOO_RICH,62.02,medium,BULL_RISK_ON,PROFITABLE_GROWTH,3,147.66110229492188,100.0,68.0,45.0,50.0,strong_uptrend,69.21,False,141.4862,140.07,162.43,92.0,95.0,51.2,80.0,68.2,65.0,85.0,26.7,50.0,50.0,60.0,15.14,-2.4969,-9.446,17.6369,24.586,-14.2515
AAPL,2021-08-23,short_term,BUY_NOW_MOMENTUM,76.34,medium_high,BULL_RISK_ON,PROFITABLE_GROWTH,3,146.28341674804688,100.0,68.0,45.0,50.0,strong_uptrend,60.41,False,143.12,141.69,148.21,90.0,90.0,63.7,68.0,68.2,58.0,85.0,26.7,50.0,50.0,60.0,-4.1948,-2.7369,-1.7882,-1.4579,-2.4066,-5.6376
AAPL,2021-08-23,medium_term,BUY_STARTER,70.44,medium_high,BULL_RISK_ON,PROFITABLE_GROWTH,3,146.28341674804688,100.0,68.0,45.0,50.0,strong_uptrend,60.41,False,146.28,141.69,148.21,90.0,90.0,63.7,68.0,68.2,58.0,85.0,26.7,50.0,50.0,60.0,7.3972,5.172,8.3616,2.2252,-0.9644,-7.6415
AAPL,2021-08-23,long_term,WATCHLIST_VALUATION_TOO_RICH,61.41,medium,BULL_RISK_ON,PROFITABLE_GROWTH,3,146.28341674804688,100.0,68.0,45.0,50.0,strong_uptrend,60.41,False,143.12,141.69,148.21,90.0,90.0,63.7,68.0,68.2,58.0,85.0,26.7,50.0,50.0,60.0,12.3285,-6.4945,-15.3752,18.823,27.7037,-13.4439
AAPL,2021-08-30,short_term,BUY_NOW_MOMENTUM,75.39,medium_high,BULL_RISK_ON,PROFITABLE_GROWTH,3,149.61532592773438,100.0,68.0,45.0,50.0,strong_uptrend,65.93,False,143.295,141.86,164.58,92.0,90.0,51.2,65.0,68.2,69.5,85.0,26.7,50.0,50.0,60.0,-7.321,-3.7858,-5.2572,-3.5352,-2.0638,-7.739
AAPL,2021-08-30,medium_term,BUY_STARTER,71.77,medium_high,BULL_RISK_ON,PROFITABLE_GROWTH,3,149.61532592773438,100.0,68.0,45.0,50.0,strong_uptrend,65.93,False,149.62,141.86,164.58,92.0,90.0,51.2,65.0,68.2,69.5,85.0,26.7,50.0,50.0,60.0,4.8027,3.0645,5.2262,1.7382,-0.4235,-9.6983
AAPL,2021-08-30,long_term,WATCHLIST_VALUATION_TOO_RICH,61.52,medium,BULL_RISK_ON,PROFITABLE_GROWTH,3,149.61532592773438,100.0,68.0,45.0,50.0,strong_uptrend,65.93,False,143.295,141.86,164.58,92.0,90.0,51.2,65.0,68.2,69.5,85.0,26.7,50.0,50.0,60.0,4.3629,-10.6933,-20.3986,15.0562,24.7615,-15.3715
AAPL,2021-09-06,short_term,BUY_NOW_MOMENTUM,75.39,medium_high,BULL_RISK_ON,PROFITABLE_GROWTH,3,150.76834106445312,100.0,68.0,45.0,50.0,strong_uptrend,66.48,False,143.295,141.86,165.85,92.0,90.0,51.2,65.0,68.2,69.5,85.0,26.7,50.0,50.0,60.0,-9.825,-4.7505,-7.6154,-5.0745,-2.2096,-10.3889
AAPL,2021-09-06,medium_term,BUY_STARTER,71.77,medium_high,BULL_RISK_ON,PROFITABLE_GROWTH,3,150.76834106445312,100.0,68.0,45.0,50.0,strong_uptrend,66.48,False,150.77,141.86,165.85,92.0,90.0,51.2,65.0,68.2,69.5,85.0,26.7,50.0,50.0,60.0,5.0397,0.7559,0.3781,4.2838,4.6616,-10.3889
AAPL,2021-09-06,long_term,WATCHLIST_VALUATION_TOO_RICH,61.52,medium,BULL_RISK_ON,PROFITABLE_GROWTH,3,150.76834106445312,100.0,68.0,45.0,50.0,strong_uptrend,66.48,False,143.295,141.86,165.85,92.0,90.0,51.2,65.0,68.2,69.5,85.0,26.7,50.0,50.0,60.0,0.7102,-12.2146,-22.8813,12.9248,23.5915,-16.0187
AAPL,2021-09-13,short_term,WAIT_FOR_PULLBACK,67.01,medium_high,BULL_RISK_ON,PROFITABLE_GROWTH,3,146.1270751953125,100.0,68.0,45.0,50.0,strong_uptrend,49.07,False,145.3,143.85,147.52,70.0,75.0,63.7,50.0,68.2,58.0,85.0,26.7,50.0,50.0,60.0,-4.5069,-2.3506,-4.6615,-2.1563,0.1546,-7.5426
AAPL,2021-09-13,medium_term,BUY_STARTER,64.5,medium,BULL_RISK_ON,PROFITABLE_GROWTH,3,146.1270751953125,100.0,68.0,45.0,50.0,strong_uptrend,49.07,False,146.13,143.85,147.52,70.0,75.0,63.7,50.0,68.2,58.0,85.0,26.7,50.0,50.0,60.0,20.1684,5.7477,5.8782,14.4207,14.2902,-7.5426
AAPL,2021-09-13,long_term,WATCHLIST_VALUATION_TOO_RICH,58.91,medium,BULL_RISK_ON,PROFITABLE_GROWTH,3,146.1270751953125,100.0,68.0,45.0,50.0,strong_uptrend,49.07,False,145.3,143.85,147.52,70.0,75.0,63.7,50.0,68.2,58.0,85.0,26.7,50.0,50.0,60.0,3.445,-10.7239,-21.5232,14.1689,24.9682,-13.3513
AAPL,2021-09-20,short_term,WATCHLIST,40.47,low,SIDEWAYS_CHOPPY,PROFITABLE_GROWTH,3,139.6683807373047,85.0,68.0,45.0,50.0,weak_uptrend,35.74,False,138.4,137.02,141.24,40.2,50.0,48.8,23.0,55.3,30.2,85.0,26.7,50.0,50.0,60.0,2.5255,3.0297,1.9004,-0.5042,0.6251,-3.2671
AAPL,2021-09-20,medium_term,WATCHLIST_NEEDS_CONFIRMATION,48.65,low,SIDEWAYS_CHOPPY,PROFITABLE_GROWTH,3,139.6683807373047,85.0,68.0,45.0,50.0,weak_uptrend,35.74,False,138.4,137.02,141.24,40.2,50.0,48.8,23.0,55.3,30.2,85.0,26.7,50.0,50.0,60.0,19.9033,6.3233,5.2529,13.58,14.6504,-3.2671
AAPL,2021-09-20,long_term,WATCHLIST_VALUATION_TOO_RICH,54.28,medium,SIDEWAYS_CHOPPY,PROFITABLE_GROWTH,3,139.6683807373047,85.0,68.0,45.0,50.0,weak_uptrend,35.74,False,138.4,137.02,141.24,40.2,50.0,48.8,23.0,55.3,30.2,85.0,26.7,50.0,50.0,60.0,10.3814,-10.1691,-20.5541,20.5505,30.9355,-9.3444
AAPL,2021-09-27,short_term,WATCHLIST,46.01,low,BULL_RISK_ON,PROFITABLE_GROWTH,3,142.0427703857422,65.0,68.0,45.0,50.0,weak_uptrend,43.18,False,141.5894,140.17,144.31,38.0,40.0,53.8,27.0,55.3,34.8,85.0,26.7,50.0,50.0,60.0,2.2494,2.9166,2.0467,-0.6672,0.2027,-4.8841
AAPL,2021-09-27,medium_term,WATCHLIST_NEEDS_CONFIRMATION,49.98,low,BULL_RISK_ON,PROFITABLE_GROWTH,3,142.0427703857422,65.0,68.0,45.0,50.0,weak_uptrend,43.18,False,141.5894,140.17,144.31,38.0,40.0,53.8,27.0,55.3,34.8,85.0,26.7,50.0,50.0,60.0,24.23,8.2,9.0848,16.03,15.1452,-4.8841
AAPL,2021-09-27,long_term,WATCHLIST_VALUATION_TOO_RICH,53.17,medium,BULL_RISK_ON,PROFITABLE_GROWTH,3,142.0427703857422,65.0,68.0,45.0,50.0,weak_uptrend,43.18,False,141.5894,140.17,144.31,38.0,40.0,53.8,27.0,55.3,34.8,85.0,26.7,50.0,50.0,60.0,4.9806,-16.664,-25.4233,21.6446,30.4039,-10.8598
AAPL,2021-10-04,short_term,AVOID_BAD_CHART,28.37,low,SIDEWAYS_CHOPPY,PROFITABLE_GROWTH,3,135.955322265625,40.0,68.0,45.0,40.0,weak_uptrend,34.13,False,131.93,130.61,141.24,0.0,40.0,35.0,45.0,45.9,15.2,85.0,26.7,50.0,50.0,55.0,7.0576,7.3255,9.8718,-0.2679,-2.8142,-0.5534
AAPL,2021-10-04,medium_term,WATCHLIST_NEEDS_CONFIRMATION,47.2,low,SIDEWAYS_CHOPPY,PROFITABLE_GROWTH,3,135.955322265625,40.0,68.0,45.0,40.0,weak_uptrend,34.13,False,131.93,130.61,141.24,0.0,40.0,35.0,45.0,45.9,15.2,85.0,26.7,50.0,50.0,55.0,31.0016,11.8394,14.0585,19.1622,16.9431,-0.5534
AAPL,2021-10-04,long_term,WATCHLIST_VALUATION_TOO_RICH,50.3,medium,SIDEWAYS_CHOPPY,PROFITABLE_GROWTH,3,135.955322265625,40.0,68.0,45.0,40.0,weak_uptrend,34.13,False,131.93,130.61,141.24,0.0,40.0,35.0,45.0,45.9,15.2,85.0,26.7,50.0,50.0,55.0,5.5906,-10.4868,-19.4905,16.0774,25.0811,-6.8685
AAPL,2021-10-11,short_term,AVOID_BAD_CHART,35.79,low,SIDEWAYS_CHOPPY,PROFITABLE_GROWTH,3,139.5413055419922,45.0,68.0,45.0,40.0,weak_uptrend,44.33,False,138.63,137.24,141.19,28.0,45.0,60.0,26.0,45.9,10.0,85.0,26.7,50.0,50.0,55.0,5.4965,7.8769,11.0689,-2.3804,-5.5724,-2.5278
AAPL,2021-10-11,medium_term,AVOID_BAD_BUSINESS,44.57,low,SIDEWAYS_CHOPPY,PROFITABLE_GROWTH,3,139.5413055419922,45.0,68.0,45.0,40.0,weak_uptrend,44.33,False,138.63,137.24,141.19,28.0,45.0,60.0,26.0,45.9,10.0,85.0,26.7,50.0,50.0,55.0,20.7488,7.4663,6.1959,13.2825,14.5529,-2.5278
AAPL,2021-10-11,long_term,WATCHLIST_VALUATION_TOO_RICH,52.2,medium,SIDEWAYS_CHOPPY,PROFITABLE_GROWTH,3,139.5413055419922,45.0,68.0,45.0,40.0,weak_uptrend,44.33,False,138.63,137.24,141.19,28.0,45.0,60.0,26.0,45.9,10.0,85.0,26.7,50.0,50.0,55.0,-2.1365,-16.4569,-26.228,14.3204,24.0915,-9.2619
AAPL,2021-10-18,short_term,BUY_NOW_MOMENTUM,71.05,medium_high,BULL_RISK_ON,PROFITABLE_GROWTH,3,143.19570922851562,55.0,68.0,45.0,40.0,weak_uptrend,55.38,False,141.5894,140.17,144.31,85.0,55.0,63.7,83.0,45.9,32.0,85.0,26.7,50.0,50.0,55.0,2.5035,4.526,5.8929,-2.0225,-3.3894,-0.0955
AAPL,2021-10-18,medium_term,BUY_STARTER,60.9,medium,BULL_RISK_ON,PROFITABLE_GROWTH,3,143.19570922851562,55.0,68.0,45.0,40.0,weak_uptrend,55.38,False,143.2,140.17,144.31,85.0,55.0,63.7,83.0,45.9,32.0,85.0,26.7,50.0,50.0,55.0,16.034,2.4383,-0.4365,13.5957,16.4705,-0.0955
AAPL,2021-10-18,long_term,WATCHLIST_VALUATION_TOO_RICH,56.05,medium,BULL_RISK_ON,PROFITABLE_GROWTH,3,143.19570922851562,55.0,68.0,45.0,40.0,weak_uptrend,55.38,False,141.5894,140.17,144.31,85.0,55.0,63.7,83.0,45.9,32.0,85.0,26.7,50.0,50.0,55.0,-1.361,-15.7526,-26.6937,14.3916,25.3327,-11.5775
AAPL,2021-10-25,short_term,WAIT_FOR_PULLBACK,69.98,medium_high,BULL_RISK_ON,PROFITABLE_GROWTH,3,145.2378692626953,65.0,68.0,45.0,40.0,strong_uptrend,58.69,False,144.59,143.14,147.59,85.0,95.0,68.8,73.0,45.9,32.0,85.0,26.7,50.0,50.0,55.0,8.4869,2.6386,5.6545,5.8483,2.8324,-1.5003
AAPL,2021-10-25,medium_term,BUY_STARTER,67.68,medium_high,BULL_RISK_ON,PROFITABLE_GROWTH,3,145.2378692626953,65.0,68.0,45.0,40.0,strong_uptrend,58.69,False,145.24,143.14,147.59,85.0,95.0,68.8,73.0,45.9,32.0,85.0,26.7,50.0,50.0,55.0,7.6515,-4.2923,-8.5675,11.9438,16.219,-1.5003
AAPL,2021-10-25,long_term,WATCHLIST_VALUATION_TOO_RICH,60.05,medium,BULL_RISK_ON,PROFITABLE_GROWTH,3,145.2378692626953,65.0,68.0,45.0,40.0,strong_uptrend,58.69,False,144.59,143.14,147.59,85.0,95.0,68.8,73.0,45.9,32.0,85.0,26.7,50.0,50.0,55.0,3.0636,-14.2257,-24.3284,17.2893,27.392,-12.8208
AAPL,2021-11-01,short_term,BUY_NOW_MOMENTUM,72.03,medium_high,BULL_RISK_ON,PROFITABLE_GROWTH,3,145.55056762695312,90.0,68.0,45.0,50.0,strong_uptrend,55.11,False,144.9534,143.5,147.7,86.1,90.0,70.0,70.0,45.9,41.8,85.0,26.7,50.0,50.0,60.0,11.1313,-0.9738,1.6493,12.1051,9.482,-0.8491
AAPL,2021-11-01,medium_term,BUY_STARTER,68.22,medium_high,BULL_RISK_ON,PROFITABLE_GROWTH,3,145.55056762695312,90.0,68.0,45.0,50.0,strong_uptrend,55.11,False,145.55,143.5,147.7,86.1,90.0,70.0,70.0,45.9,41.8,85.0,26.7,50.0,50.0,60.0,17.3905,-1.1953,-5.5347,18.5858,22.9252,-0.8491
AAPL,2021-11-01,long_term,WATCHLIST_VALUATION_TOO_RICH,60.1,medium,BULL_RISK_ON,PROFITABLE_GROWTH,3,145.55056762695312,90.0,68.0,45.0,50.0,strong_uptrend,55.11,False,144.9534,143.5,147.7,86.1,90.0,70.0,70.0,45.9,41.8,85.0,26.7,50.0,50.0,60.0,1.7013,-15.1512,-28.5474,16.8525,30.2487,-13.0081
AAPL,2021-11-08,short_term,BUY_NOW_MOMENTUM,74.17,medium_high,BULL_RISK_ON,PROFITABLE_GROWTH,3,147.2112579345703,90.0,68.0,45.0,50.0,strong_uptrend,57.41,False,146.84,145.37,149.48,98.5,90.0,72.5,71.0,50.6,26.5,85.0,26.7,50.0,50.0,60.0,13.7862,-0.1386,-0.0578,13.9248,13.844,-1.9676
AAPL,2021-11-08,medium_term,BUY_STARTER,65.99,medium_high,BULL_RISK_ON,PROFITABLE_GROWTH,3,147.2112579345703,90.0,68.0,45.0,50.0,strong_uptrend,57.41,False,147.21,145.37,149.48,98.5,90.0,72.5,71.0,50.6,26.5,85.0,26.7,50.0,50.0,60.0,16.3605,-3.4985,-9.6672,19.859,26.0277,-1.9676
AAPL,2021-11-08,long_term,WATCHLIST_VALUATION_TOO_RICH,60.96,medium,BULL_RISK_ON,PROFITABLE_GROWTH,3,147.2112579345703,90.0,68.0,45.0,50.0,strong_uptrend,57.41,False,146.84,145.37,149.48,98.5,90.0,72.5,71.0,50.6,26.5,85.0,26.7,50.0,50.0,60.0,-6.7338,-17.3052,-31.8636,10.5714,25.1298,-13.9895
AAPL,2021-11-15,short_term,WAIT_FOR_PULLBACK,66.68,medium_high,BULL_RISK_ON,PROFITABLE_GROWTH,3,146.78065490722656,90.0,68.0,45.0,50.0,strong_uptrend,55.0,False,144.988,143.54,149.48,88.0,75.0,72.5,53.0,50.6,22.0,85.0,26.7,50.0,50.0,60.0,16.22,-0.8707,-1.6244,17.0907,17.8444,-0.44
AAPL,2021-11-15,medium_term,WATCHLIST_NEEDS_CONFIRMATION,59.34,medium,BULL_RISK_ON,PROFITABLE_GROWTH,3,146.78065490722656,90.0,68.0,45.0,50.0,strong_uptrend,55.0,False,144.988,143.54,149.48,88.0,75.0,72.5,53.0,50.6,22.0,85.0,26.7,50.0,50.0,60.0,15.3401,-4.2279,-9.6361,19.568,24.9762,-0.44
AAPL,2021-11-15,long_term,WATCHLIST_VALUATION_TOO_RICH,58.94,medium,BULL_RISK_ON,PROFITABLE_GROWTH,3,146.78065490722656,90.0,68.0,45.0,50.0,strong_uptrend,55.0,False,144.988,143.54,149.48,88.0,75.0,72.5,53.0,50.6,22.0,85.0,26.7,50.0,50.0,60.0,0.6072,-13.4587,-26.2061,14.0659,26.8133,-13.7372
AAPL,2021-11-22,short_term,BUY_STARTER_STRONG_BUT_EXTENDED,71.25,medium_high,BULL_RISK_ON,PROFITABLE_GROWTH,3,157.5641326904297,80.0,68.0,45.0,50.0,strong_uptrend,75.53,True,146.1995,144.74,173.32,85.0,95.0,38.8,77.0,50.6,68.0,85.0,26.7,50.0,50.0,60.0,7.4339,-0.6166,-2.4024,8.0505,9.8363,-2.894
AAPL,2021-11-22,medium_term,BUY_STARTER,74.46,medium_high,BULL_RISK_ON,PROFITABLE_GROWTH,3,157.5641326904297,80.0,68.0,45.0,50.0,strong_uptrend,75.53,True,157.56,144.74,173.32,85.0,95.0,38.8,77.0,50.6,68.0,85.0,26.7,50.0,50.0,60.0,-0.4633,-9.4398,-17.3952,8.9765,16.9319,-3.925
AAPL,2021-11-22,long_term,WATCHLIST_VALUATION_TOO_RICH,60.78,medium,BULL_RISK_ON,PROFITABLE_GROWTH,3,157.5641326904297,80.0,68.0,45.0,50.0,strong_uptrend,75.53,True,146.1995,144.74,173.32,85.0,95.0,38.8,77.0,50.6,68.0,85.0,26.7,50.0,50.0,60.0,-6.1908,-13.1785,-27.9398,6.9877,21.749,-19.6409
AAPL,2021-11-29,short_term,BUY_NOW_MOMENTUM,78.23,medium_high,BULL_RISK_ON,PROFITABLE_GROWTH,3,156.80088806152344,100.0,68.0,45.0,50.0,strong_uptrend,65.0,False,155.65,154.09,158.66,90.0,95.0,66.2,80.0,50.6,62.0,85.0,26.7,50.0,50.0,60.0,11.8884,3.0016,0.6087,8.8868,11.2797,-1.5227
AAPL,2021-11-29,medium_term,BUY_NOW,73.99,medium_high,BULL_RISK_ON,PROFITABLE_GROWTH,3,156.80088806152344,100.0,68.0,45.0,50.0,strong_uptrend,65.0,False,156.8,154.09,158.66,90.0,95.0,66.2,80.0,50.6,62.0,85.0,26.7,50.0,50.0,60.0,1.977,-7.1264,-14.4522,9.1034,16.4292,-5.0214
AAPL,2021-11-29,long_term,WATCHLIST_VALUATION_TOO_RICH,61.03,medium,BULL_RISK_ON,PROFITABLE_GROWTH,3,156.80088806152344,100.0,68.0,45.0,50.0,strong_uptrend,65.0,False,155.65,154.09,158.66,90.0,95.0,66.2,80.0,50.6,62.0,85.0,26.7,50.0,50.0,60.0,-11.3896,-13.6439,-29.3646,2.2543,17.975,-19.2497
AAPL,2021-12-06,short_term,BUY_NOW_MOMENTUM,76.3,medium_high,BULL_RISK_ON,PROFITABLE_GROWTH,3,161.77186584472656,100.0,68.0,45.0,50.0,strong_uptrend,66.96,False,155.65,154.09,162.14,92.0,95.0,53.8,72.0,50.6,74.0,85.0,26.7,50.0,50.0,60.0,8.6983,4.4547,2.7904,4.2436,5.9079,1.2945
AAPL,2021-12-06,medium_term,BUY_NOW,74.61,medium_high,BULL_RISK_ON,PROFITABLE_GROWTH,3,161.77186584472656,100.0,68.0,45.0,50.0,strong_uptrend,66.96,False,161.77,154.09,162.14,92.0,95.0,53.8,72.0,50.6,74.0,85.0,26.7,50.0,50.0,60.0,-4.6452,-8.9535,-16.167,4.3083,11.5218,-7.94
AAPL,2021-12-06,long_term,WATCHLIST_VALUATION_TOO_RICH,61.13,medium,BULL_RISK_ON,PROFITABLE_GROWTH,3,161.77186584472656,100.0,68.0,45.0,50.0,strong_uptrend,66.96,False,155.65,154.09,162.14,92.0,95.0,53.8,72.0,50.6,74.0,85.0,26.7,50.0,50.0,60.0,-13.0538,-12.86,-26.6081,-0.1938,13.5543,-21.731
AAPL,2021-12-13,short_term,BUY_NOW_MOMENTUM,77.48,medium_high,BULL_RISK_ON,PROFITABLE_GROWTH,3,171.9682159423828,95.0,68.0,45.0,50.0,strong_uptrend,70.36,False,155.65,154.09,189.17,92.0,100.0,38.8,78.0,60.0,87.0,85.0,26.7,50.0,50.0,60.0,-0.3756,1.0353,-1.5161,-1.4109,1.1405,-4.7115
AAPL,2021-12-13,medium_term,BUY_NOW,78.63,medium_high,BULL_RISK_ON,PROFITABLE_GROWTH,3,171.9682159423828,95.0,68.0,45.0,50.0,strong_uptrend,70.36,False,171.97,154.09,189.17,92.0,100.0,38.8,78.0,60.0,87.0,85.0,26.7,50.0,50.0,60.0,-11.6379,-8.338,-16.2369,-3.2999,4.599,-14.4809
AAPL,2021-12-13,long_term,WATCHLIST_VALUATION_TOO_RICH,62.1,medium,BULL_RISK_ON,PROFITABLE_GROWTH,3,171.9682159423828,95.0,68.0,45.0,50.0,strong_uptrend,70.36,False,155.65,154.09,189.17,92.0,100.0,38.8,78.0,60.0,87.0,85.0,26.7,50.0,50.0,60.0,-16.7439,-12.542,-25.9539,-4.2019,9.21,-26.3718
AAPL,2021-12-20,short_term,WAIT_FOR_PULLBACK,63.44,medium,SIDEWAYS_CHOPPY,PROFITABLE_GROWTH,3,166.1068115234375,100.0,68.0,45.0,50.0,strong_uptrend,55.65,False,155.65,154.09,166.64,80.0,100.0,71.2,27.0,55.3,81.8,85.0,26.7,50.0,50.0,60.0,-2.0736,-0.7099,-3.7327,-1.3637,1.6591,-2.2445
AAPL,2021-12-20,medium_term,BUY_STARTER,66.99,medium_high,SIDEWAYS_CHOPPY,PROFITABLE_GROWTH,3,166.1068115234375,100.0,68.0,45.0,50.0,strong_uptrend,55.65,False,166.11,154.09,166.64,80.0,100.0,71.2,27.0,55.3,81.8,85.0,26.7,50.0,50.0,60.0,-0.4212,-0.8777,-6.1175,0.4565,5.6963,-11.4632
AAPL,2021-12-20,long_term,WATCHLIST_VALUATION_TOO_RICH,61.27,medium,SIDEWAYS_CHOPPY,PROFITABLE_GROWTH,3,166.1068115234375,100.0,68.0,45.0,50.0,strong_uptrend,55.65,False,155.65,154.09,166.64,80.0,100.0,71.2,27.0,55.3,81.8,85.0,26.7,50.0,50.0,60.0,-21.6095,-15.0043,-28.6752,-6.6052,7.0657,-23.7736
AAPL,2021-12-27,short_term,BUY_NOW_MOMENTUM,72.36,medium_high,BULL_RISK_ON,PROFITABLE_GROWTH,3,176.459716796875,100.0,68.0,45.0,50.0,strong_uptrend,66.91,False,168.51,166.82,177.74,92.0,100.0,51.2,42.0,60.0,87.0,85.0,26.7,50.0,50.0,60.0,-11.3958,-8.9658,-14.4667,-2.43,3.0709,-14.2128
AAPL,2021-12-27,medium_term,BUY_NOW,73.0,medium_high,BULL_RISK_ON,PROFITABLE_GROWTH,3,176.459716796875,100.0,68.0,45.0,50.0,strong_uptrend,66.91,False,176.46,166.82,177.74,92.0,100.0,51.2,42.0,60.0,87.0,85.0,26.7,50.0,50.0,60.0,-2.4989,-4.1767,-9.4475,1.6778,6.9486,-16.6577
AAPL,2021-12-27,long_term,WATCHLIST_VALUATION_TOO_RICH,62.1,medium,BULL_RISK_ON,PROFITABLE_GROWTH,3,176.459716796875,100.0,68.0,45.0,50.0,strong_uptrend,66.91,False,168.51,166.82,177.74,92.0,100.0,51.2,42.0,60.0,87.0,85.0,26.7,50.0,50.0,60.0,-27.4748,-18.789,-34.1919,-8.6858,6.7171,-28.2458
AAPL,2022-01-03,short_term,BUY_NOW_MOMENTUM,75.29,medium_high,BULL_RISK_ON,PROFITABLE_GROWTH,3,178.10365295410156,100.0,68.0,45.0,40.0,strong_uptrend,66.61,False,173.46,171.73,195.91,92.0,100.0,51.2,58.0,60.0,87.0,85.0,26.7,50.0,50.0,55.0,-4.0657,-5.1831,-9.0022,1.1174,4.9365,-15.0047
AAPL,2022-01-03,medium_term,BUY_NOW,74.98,medium_high,BULL_RISK_ON,PROFITABLE_GROWTH,3,178.10365295410156,100.0,68.0,45.0,40.0,strong_uptrend,66.61,False,178.1,171.73,195.91,92.0,100.0,51.2,58.0,60.0,87.0,85.0,26.7,50.0,50.0,55.0,-1.8365,-4.0801,-7.9475,2.2436,6.111,-17.4269
AAPL,2022-01-03,long_term,WATCHLIST_VALUATION_TOO_RICH,61.6,medium,BULL_RISK_ON,PROFITABLE_GROWTH,3,178.10365295410156,100.0,68.0,45.0,40.0,strong_uptrend,66.61,False,173.46,171.73,195.91,92.0,100.0,51.2,58.0,60.0,87.0,85.0,26.7,50.0,50.0,55.0,-30.1723,-18.3635,-33.3553,-11.8088,3.183,-31.3825
AAPL,2022-01-10,short_term,WAIT_FOR_PULLBACK,55.12,medium,BULL_RISK_ON,PROFITABLE_GROWTH,3,168.49440002441406,100.0,68.0,45.0,40.0,strong_uptrend,49.41,False,163.87,162.23,178.4,55.0,85.0,60.0,20.0,55.3,66.8,85.0,26.7,50.0,50.0,55.0,1.6626,-3.1299,-5.5221,4.7925,7.1847,-10.1574
AAPL,2022-01-10,medium_term,BUY_STARTER,62.75,medium,BULL_RISK_ON,PROFITABLE_GROWTH,3,168.49440002441406,100.0,68.0,45.0,40.0,strong_uptrend,49.41,False,168.49,162.23,178.4,55.0,85.0,60.0,20.0,55.3,66.8,85.0,26.7,50.0,50.0,55.0,-3.6174,-5.2036,-10.2072,1.5862,6.5898,-12.7178
AAPL,2022-01-10,long_term,WATCHLIST_VALUATION_TOO_RICH,58.02,medium,BULL_RISK_ON,PROFITABLE_GROWTH,3,168.49440002441406,100.0,68.0,45.0,40.0,strong_uptrend,49.41,False,163.87,162.23,178.4,55.0,85.0,60.0,20.0,55.3,66.8,85.0,26.7,50.0,50.0,55.0,-22.0252,-13.6567,-26.4435,-8.3685,4.4183,-27.4693
AAPL,2022-01-17,short_term,WAIT_FOR_PULLBACK,64.32,medium,SIDEWAYS_CHOPPY,PROFITABLE_GROWTH,3,169.3555450439453,100.0,68.0,45.0,40.0,strong_uptrend,50.35,False,168.51,166.82,173.38,65.0,70.0,66.2,65.0,55.3,72.0,85.0,26.7,50.0,50.0,55.0,-2.2967,-3.827,-6.2232,1.5303,3.9265,-10.6142
AAPL,2022-01-17,medium_term,BUY_STARTER,64.72,medium,SIDEWAYS_CHOPPY,PROFITABLE_GROWTH,3,169.3555450439453,100.0,68.0,45.0,40.0,strong_uptrend,50.35,False,169.36,166.82,173.38,65.0,70.0,66.2,65.0,55.3,72.0,85.0,26.7,50.0,50.0,55.0,-4.5009,-3.759,-8.485,-0.7419,3.9841,-13.1616
AAPL,2022-01-17,long_term,WATCHLIST_VALUATION_TOO_RICH,57.02,medium,SIDEWAYS_CHOPPY,PROFITABLE_GROWTH,3,169.3555450439453,100.0,68.0,45.0,40.0,strong_uptrend,50.35,False,168.51,166.82,173.38,65.0,70.0,66.2,65.0,55.3,72.0,85.0,26.7,50.0,50.0,55.0,-21.4221,-12.8478,-24.4561,-8.5743,3.034,-27.8381
AAPL,2022-01-24,short_term,AVOID_BAD_CHART,36.51,low,SIDEWAYS_CHOPPY,PROFITABLE_GROWTH,3,158.1512451171875,85.0,68.0,45.0,40.0,weak_uptrend,34.37,False,155.65,154.09,158.66,29.4,55.0,36.2,23.0,45.9,48.2,85.0,26.7,50.0,50.0,55.0,1.8001,-2.335,-4.308,4.1351,6.1081,-2.8462
AAPL,2022-01-24,medium_term,WATCHLIST_NEEDS_CONFIRMATION,51.85,medium,SIDEWAYS_CHOPPY,PROFITABLE_GROWTH,3,158.1512451171875,85.0,68.0,45.0,40.0,weak_uptrend,34.37,False,155.65,154.09,158.66,29.4,55.0,36.2,23.0,45.9,48.2,85.0,26.7,50.0,50.0,55.0,0.908,-2.2733,-6.5986,3.1813,7.5066,-7.0095
AAPL,2022-01-24,long_term,WATCHLIST_VALUATION_TOO_RICH,53.27,medium,SIDEWAYS_CHOPPY,PROFITABLE_GROWTH,3,158.1512451171875,85.0,68.0,45.0,40.0,weak_uptrend,34.37,False,155.65,154.09,158.66,29.4,55.0,36.2,23.0,45.9,48.2,85.0,26.7,50.0,50.0,55.0,-11.7168,-7.5016,-17.9591,-4.2152,6.2423,-22.7257
AAPL,2022-01-31,short_term,WAIT_FOR_PULLBACK,58.99,medium,SIDEWAYS_CHOPPY,PROFITABLE_GROWTH,3,171.02883911132812,65.0,68.0,45.0,50.0,sideways,58.65,False,168.51,166.82,173.38,70.0,85.0,72.5,27.0,50.6,70.2,85.0,26.7,50.0,50.0,60.0,-6.5065,-4.4298,-5.9386,-2.0767,-0.5679,-12.9227
AAPL,2022-01-31,medium_term,BUY_STARTER,62.25,medium,SIDEWAYS_CHOPPY,PROFITABLE_GROWTH,3,171.02883911132812,65.0,68.0,45.0,50.0,sideways,58.65,False,171.03,166.82,173.38,70.0,85.0,72.5,27.0,50.6,70.2,85.0,26.7,50.0,50.0,60.0,-9.5084,-7.5887,-12.1681,-1.9197,2.6597,-14.0112
AAPL,2022-01-31,long_term,WATCHLIST_VALUATION_TOO_RICH,59.03,medium,SIDEWAYS_CHOPPY,PROFITABLE_GROWTH,3,171.02883911132812,65.0,68.0,45.0,50.0,sideways,58.65,False,168.51,166.82,173.38,70.0,85.0,72.5,27.0,50.6,70.2,85.0,26.7,50.0,50.0,60.0,-16.3096,-7.2116,-16.5025,-9.098,0.1929,-28.5441
AAPL,2022-02-07,short_term,WAIT_FOR_PULLBACK,57.19,medium,SIDEWAYS_CHOPPY,PROFITABLE_GROWTH,3,168.18980407714844,90.0,68.0,45.0,50.0,strong_uptrend,52.92,False,167.87,166.19,172.62,60.0,80.0,72.5,42.0,45.9,58.0,85.0,26.7,50.0,50.0,60.0,-8.2838,-6.9333,-8.9488,-1.3505,0.665,-11.4529
AAPL,2022-02-07,medium_term,BUY_STARTER,61.67,medium,SIDEWAYS_CHOPPY,PROFITABLE_GROWTH,3,168.18980407714844,90.0,68.0,45.0,50.0,strong_uptrend,52.92,False,168.19,166.19,172.62,60.0,80.0,72.5,42.0,45.9,58.0,85.0,26.7,50.0,50.0,60.0,-11.2878,-10.6992,-16.223,-0.5886,4.9352,-12.5597
AAPL,2022-02-07,long_term,WATCHLIST_VALUATION_TOO_RICH,57.8,medium,SIDEWAYS_CHOPPY,PROFITABLE_GROWTH,3,168.18980407714844,90.0,68.0,45.0,50.0,strong_uptrend,52.92,False,167.87,166.19,172.62,60.0,80.0,72.5,42.0,45.9,58.0,85.0,26.7,50.0,50.0,60.0,-11.0991,-6.6958,-13.6617,-4.4033,2.5626,-27.3379
AAPL,2022-02-14,short_term,WATCHLIST,46.07,low,BEAR_RISK_OFF,PROFITABLE_GROWTH,3,165.46600341796875,85.0,68.0,45.0,50.0,weak_uptrend,47.09,False,164.215,162.57,166.64,49.3,65.0,70.0,23.0,45.9,53.5,85.0,26.7,50.0,50.0,60.0,-8.1656,-2.927,-5.5656,-5.2386,-2.6,-11.1203
AAPL,2022-02-14,medium_term,WATCHLIST_NEEDS_CONFIRMATION,53.22,medium,BEAR_RISK_OFF,PROFITABLE_GROWTH,3,165.46600341796875,85.0,68.0,45.0,50.0,weak_uptrend,47.09,False,164.215,162.57,166.64,49.3,65.0,70.0,23.0,45.9,53.5,85.0,26.7,50.0,50.0,60.0,-13.6938,-8.5844,-14.0093,-5.1094,0.3155,-17.6907
AAPL,2022-02-14,long_term,WATCHLIST_VALUATION_TOO_RICH,55.77,medium,BEAR_RISK_OFF,PROFITABLE_GROWTH,3,165.46600341796875,85.0,68.0,45.0,50.0,weak_uptrend,47.09,False,164.215,162.57,166.64,49.3,65.0,70.0,23.0,45.9,53.5,85.0,26.7,50.0,50.0,60.0,-7.4663,-4.1738,-10.3923,-3.2925,2.926,-26.1418
AAPL,2022-02-21,short_term,WATCHLIST,47.95,low,BEAR_RISK_OFF,PROFITABLE_GROWTH,3,163.91793823242188,60.0,68.0,45.0,50.0,weak_uptrend,44.61,False,155.65,154.09,166.64,52.1,60.0,57.5,38.0,45.9,59.0,85.0,26.7,50.0,50.0,60.0,-1.1476,3.7713,3.6775,-4.9189,-4.8251,-10.2809
AAPL,2022-02-21,medium_term,WATCHLIST_NEEDS_CONFIRMATION,55.22,medium,BEAR_RISK_OFF,PROFITABLE_GROWTH,3,163.91793823242188,60.0,68.0,45.0,50.0,weak_uptrend,44.61,False,155.65,154.09,166.64,52.1,60.0,57.5,38.0,45.9,59.0,85.0,26.7,50.0,50.0,60.0,-17.6377,-9.0159,-14.5063,-8.6218,-3.1314,-20.6187
AAPL,2022-02-21,long_term,WATCHLIST_VALUATION_TOO_RICH,55.41,medium,BEAR_RISK_OFF,PROFITABLE_GROWTH,3,163.91793823242188,60.0,68.0,45.0,50.0,weak_uptrend,44.61,False,155.65,154.09,166.64,52.1,60.0,57.5,38.0,45.9,59.0,85.0,26.7,50.0,50.0,60.0,-10.453,-5.7184,-12.323,-4.7346,1.87,-25.4443
AAPL,2022-02-28,short_term,WATCHLIST,48.28,low,BEAR_RISK_OFF,PROFITABLE_GROWTH,3,161.78201293945312,45.0,68.0,45.0,50.0,weak_uptrend,44.62,False,155.65,154.09,166.64,43.0,50.0,51.2,70.0,45.9,42.2,85.0,26.7,50.0,50.0,60.0,6.3469,4.74,5.3521,1.6069,0.9948,-9.0964
AAPL,2022-02-28,medium_term,WATCHLIST_NEEDS_CONFIRMATION,55.49,medium,BEAR_RISK_OFF,PROFITABLE_GROWTH,3,161.78201293945312,45.0,68.0,45.0,50.0,weak_uptrend,44.62,False,155.65,154.09,166.64,43.0,50.0,51.2,70.0,45.9,42.2,85.0,26.7,50.0,50.0,60.0,-9.2418,-4.5989,-10.7606,-4.6429,1.5188,-19.5707
AAPL,2022-02-28,long_term,WATCHLIST_VALUATION_TOO_RICH,53.95,medium,BEAR_RISK_OFF,PROFITABLE_GROWTH,3,161.78201293945312,45.0,68.0,45.0,50.0,weak_uptrend,44.62,False,155.65,154.09,166.64,43.0,50.0,51.2,70.0,45.9,42.2,85.0,26.7,50.0,50.0,60.0,-11.4642,-8.1273,-15.4135,-3.3369,3.9493,-24.4599
AAPL,2022-03-07,short_term,AVOID_BAD_CHART,34.11,low,BEAR_RISK_OFF,PROFITABLE_GROWTH,3,156.07969665527344,40.0,68.0,45.0,50.0,weak_uptrend,37.8,False,155.65,154.09,158.66,8.0,40.0,51.2,37.0,45.9,43.0,85.0,26.7,50.0,50.0,60.0,12.015,9.248,13.8203,2.767,-1.8053,-5.7753
AAPL,2022-03-07,medium_term,WATCHLIST_NEEDS_CONFIRMATION,48.9,low,BEAR_RISK_OFF,PROFITABLE_GROWTH,3,156.07969665527344,40.0,68.0,45.0,50.0,weak_uptrend,37.8,False,155.65,154.09,158.66,8.0,40.0,51.2,37.0,45.9,43.0,85.0,26.7,50.0,50.0,60.0,-8.1264,-1.5165,-5.3131,-6.6099,-2.8133,-16.6323
AAPL,2022-03-07,long_term,WATCHLIST_VALUATION_TOO_RICH,51.2,medium,BEAR_RISK_OFF,PROFITABLE_GROWTH,3,156.07969665527344,40.0,68.0,45.0,50.0,weak_uptrend,37.8,False,155.65,154.09,158.66,8.0,40.0,51.2,37.0,45.9,43.0,85.0,26.7,50.0,50.0,60.0,-3.4551,-3.347,-7.6479,-0.1081,4.1928,-21.7001
AAPL,2022-03-14,short_term,AVOID_BAD_CHART,21.59,low,BEAR_RISK_OFF,PROFITABLE_GROWTH,3,147.57513427734375,15.0,68.0,45.0,50.0,downtrend,32.56,False,146.1995,144.74,149.54,0.0,25.0,32.5,23.0,34.1,18.0,85.0,26.7,50.0,50.0,60.0,10.0452,5.8241,7.2733,4.2211,2.7719,-0.1594
AAPL,2022-03-14,medium_term,AVOID_BAD_BUSINESS,40.36,low,BEAR_RISK_OFF,PROFITABLE_GROWTH,3,147.57513427734375,15.0,68.0,45.0,50.0,downtrend,32.56,False,146.1995,144.74,149.54,0.0,25.0,32.5,23.0,34.1,18.0,85.0,26.7,50.0,50.0,60.0,-12.3132,-9.7926,-13.3323,-2.5206,1.0191,-12.6058
AAPL,2022-03-14,long_term,WATCHLIST_VALUATION_TOO_RICH,48.71,low,BEAR_RISK_OFF,PROFITABLE_GROWTH,3,147.57513427734375,15.0,68.0,45.0,50.0,downtrend,32.56,False,146.1995,144.74,149.54,0.0,25.0,32.5,23.0,34.1,18.0,85.0,26.7,50.0,50.0,60.0,2.1888,-5.133,-5.3547,7.3218,7.5435,-17.1878
AAPL,2022-03-21,short_term,WAIT_FOR_PULLBACK,59.85,medium,BULL_NARROW_LEADERSHIP,PROFITABLE_GROWTH,3,162.03675842285156,55.0,68.0,45.0,50.0,weak_uptrend,53.31,False,158.7,157.11,162.14,50.0,55.0,68.8,76.0,45.9,52.0,85.0,26.7,50.0,50.0,60.0,1.2214,0.1463,-1.0912,1.0751,2.3126,-1.0944
AAPL,2022-03-21,medium_term,BUY_STARTER,60.87,medium,BULL_NARROW_LEADERSHIP,PROFITABLE_GROWTH,3,162.03675842285156,55.0,68.0,45.0,50.0,weak_uptrend,53.31,False,162.04,157.11,162.14,50.0,55.0,68.8,76.0,45.9,52.0,85.0,26.7,50.0,50.0,60.0,-17.723,-15.2343,-19.5554,-2.4887,1.8324,-21.859
AAPL,2022-03-21,long_term,WATCHLIST_VALUATION_TOO_RICH,54.8,medium,BULL_NARROW_LEADERSHIP,PROFITABLE_GROWTH,3,162.03675842285156,55.0,68.0,45.0,50.0,weak_uptrend,53.31,False,158.7,157.11,162.14,50.0,55.0,68.8,76.0,45.9,52.0,85.0,26.7,50.0,50.0,60.0,-3.9871,-10.2695,-11.8853,6.2824,7.8982,-24.5787
AAPL,2022-03-28,short_term,WAIT_FOR_PULLBACK,65.94,medium_high,LIQUIDITY_RALLY,PROFITABLE_GROWTH,3,172.05014038085938,70.0,68.0,45.0,50.0,strong_uptrend,64.26,False,167.87,166.19,173.07,65.0,80.0,61.3,81.0,50.6,67.8,85.0,26.7,50.0,50.0,60.0,-10.7061,-8.732,-13.0909,-1.9741,2.3848,-10.7517
AAPL,2022-03-28,medium_term,BUY_STARTER,68.99,medium_high,LIQUIDITY_RALLY,PROFITABLE_GROWTH,3,172.05014038085938,70.0,68.0,45.0,50.0,strong_uptrend,64.26,False,172.05,166.19,173.07,65.0,80.0,61.3,81.0,50.6,67.8,85.0,26.7,50.0,50.0,60.0,-21.6162,-16.147,-22.1493,-5.4692,0.5331,-26.4068
AAPL,2022-03-28,long_term,WATCHLIST_VALUATION_TOO_RICH,58.28,medium,LIQUIDITY_RALLY,PROFITABLE_GROWTH,3,172.05014038085938,70.0,68.0,45.0,50.0,strong_uptrend,64.26,False,167.87,166.19,173.07,65.0,80.0,61.3,81.0,50.6,67.8,85.0,26.7,50.0,50.0,60.0,-7.8907,-10.4758,-13.6437,2.5851,5.753,-28.9682
AAPL,2022-04-04,short_term,BUY_NOW_MOMENTUM,77.54,medium_high,BULL_RISK_ON,PROFITABLE_GROWTH,3,174.83274841308594,90.0,68.0,45.0,40.0,strong_uptrend,63.77,False,173.46,171.73,178.32,80.0,95.0,68.8,81.0,50.6,73.0,85.0,26.7,50.0,50.0,55.0,-10.6254,-8.8485,-13.6691,-1.7769,3.0437,-14.1056
AAPL,2022-04-04,medium_term,BUY_NOW,75.34,medium_high,BULL_RISK_ON,PROFITABLE_GROWTH,3,174.83274841308594,90.0,68.0,45.0,40.0,strong_uptrend,63.77,False,174.83,171.73,178.32,80.0,95.0,68.8,81.0,50.6,73.0,85.0,26.7,50.0,50.0,55.0,-19.7882,-15.7387,-21.6477,-4.0495,1.8595,-27.5781
AAPL,2022-04-04,long_term,WATCHLIST_VALUATION_TOO_RICH,60.03,medium,BULL_RISK_ON,PROFITABLE_GROWTH,3,174.83274841308594,90.0,68.0,45.0,40.0,strong_uptrend,63.77,False,173.46,171.73,178.32,80.0,95.0,68.8,81.0,50.6,73.0,85.0,26.7,50.0,50.0,55.0,-7.6709,-9.2588,-13.7971,1.5879,6.1262,-30.0988
AAPL,2022-04-11,short_term,WATCHLIST,49.91,low,SIDEWAYS_CHOPPY,PROFITABLE_GROWTH,3,162.3992919921875,65.0,68.0,45.0,40.0,weak_uptrend,44.03,False,158.7,157.11,166.07,38.0,60.0,57.5,53.0,45.9,54.8,85.0,26.7,50.0,50.0,55.0,-6.6443,-9.2812,-11.7722,2.6369,5.1279,-8.469
AAPL,2022-04-11,medium_term,WATCHLIST_NEEDS_CONFIRMATION,58.34,medium,SIDEWAYS_CHOPPY,PROFITABLE_GROWTH,3,162.3992919921875,65.0,68.0,45.0,40.0,weak_uptrend,44.03,False,158.7,157.11,166.07,38.0,60.0,57.5,53.0,45.9,54.8,85.0,26.7,50.0,50.0,55.0,-12.0943,-13.5146,-16.0436,1.4203,3.9493,-22.0334
AAPL,2022-04-11,long_term,WATCHLIST_VALUATION_TOO_RICH,54.2,medium,SIDEWAYS_CHOPPY,PROFITABLE_GROWTH,3,162.3992919921875,65.0,68.0,45.0,40.0,weak_uptrend,44.03,False,158.7,157.11,166.07,38.0,60.0,57.5,53.0,45.9,54.8,85.0,26.7,50.0,50.0,55.0,0.4904,-4.4201,-5.6522,4.9105,6.1426,-24.7471
AAPL,2022-04-18,short_term,WATCHLIST,45.2,low,SIDEWAYS_CHOPPY,PROFITABLE_GROWTH,3,161.73304748535156,65.0,68.0,45.0,40.0,weak_uptrend,44.01,False,158.7,157.11,162.14,36.8,45.0,51.2,48.0,45.9,40.5,85.0,26.7,50.0,50.0,55.0,-11.7018,-8.649,-11.884,-3.0528,0.1822,-15.7909
AAPL,2022-04-18,medium_term,WATCHLIST_NEEDS_CONFIRMATION,52.45,medium,SIDEWAYS_CHOPPY,PROFITABLE_GROWTH,3,161.73304748535156,65.0,68.0,45.0,40.0,weak_uptrend,44.01,False,158.7,157.11,162.14,36.8,45.0,51.2,48.0,45.9,40.5,85.0,26.7,50.0,50.0,55.0,-8.3893,-10.0476,-11.7561,1.6583,3.3668,-21.7122
AAPL,2022-04-18,long_term,WATCHLIST_VALUATION_TOO_RICH,52.64,medium,SIDEWAYS_CHOPPY,PROFITABLE_GROWTH,3,161.73304748535156,65.0,68.0,45.0,40.0,weak_uptrend,44.01,False,158.7,157.11,162.14,36.8,45.0,51.2,48.0,45.9,40.5,85.0,26.7,50.0,50.0,55.0,2.166,-3.8389,-5.1762,6.0049,7.3422,-24.4371
AAPL,2022-04-25,short_term,AVOID_BAD_CHART,39.66,low,SIDEWAYS_CHOPPY,PROFITABLE_GROWTH,3,159.5872802734375,65.0,68.0,45.0,40.0,weak_uptrend,41.93,False,159.48,157.89,160.12,28.0,35.0,51.2,30.0,45.9,42.2,85.0,26.7,50.0,50.0,55.0,-12.0087,-7.372,-10.9533,-4.6367,-1.0554,-18.4646
AAPL,2022-04-25,medium_term,WATCHLIST_NEEDS_CONFIRMATION,48.0,low,SIDEWAYS_CHOPPY,PROFITABLE_GROWTH,3,159.5872802734375,65.0,68.0,45.0,40.0,weak_uptrend,41.93,False,159.48,157.89,160.12,28.0,35.0,51.2,30.0,45.9,42.2,85.0,26.7,50.0,50.0,55.0,-6.7886,-8.3852,-10.5116,1.5966,3.723,-20.6596
AAPL,2022-04-25,long_term,WATCHLIST_VALUATION_TOO_RICH,51.2,medium,SIDEWAYS_CHOPPY,PROFITABLE_GROWTH,3,159.5872802734375,65.0,68.0,45.0,40.0,weak_uptrend,41.93,False,159.48,157.89,160.12,28.0,35.0,51.2,30.0,45.9,42.2,85.0,26.7,50.0,50.0,55.0,1.1493,-4.037,-4.6464,5.1863,5.7957,-23.4211
AAPL,2022-05-02,short_term,AVOID_BAD_CHART,28.22,low,BEAR_RISK_OFF,PROFITABLE_GROWTH,3,154.7667694091797,25.0,68.0,45.0,50.0,downtrend,40.44,False,152.615,151.09,160.12,8.0,15.0,53.8,27.0,38.8,18.0,85.0,26.7,50.0,50.0,60.0,-5.6352,-0.374,-3.2027,-5.2612,-2.4325,-15.925
AAPL,2022-05-02,medium_term,AVOID_BAD_BUSINESS,38.76,low,BEAR_RISK_OFF,PROFITABLE_GROWTH,3,154.7667694091797,25.0,68.0,45.0,50.0,downtrend,40.44,False,152.615,151.09,160.12,8.0,15.0,53.8,27.0,38.8,18.0,85.0,26.7,50.0,50.0,60.0,1.4466,-1.1237,-1.1133,2.5703,2.5599,-18.1884
AAPL,2022-05-02,long_term,WATCHLIST_VALUATION_TOO_RICH,48.34,low,BEAR_RISK_OFF,PROFITABLE_GROWTH,3,154.7667694091797,25.0,68.0,45.0,50.0,downtrend,40.44,False,152.615,151.09,160.12,8.0,15.0,53.8,27.0,38.8,18.0,85.0,26.7,50.0,50.0,60.0,6.65,0.1093,0.3918,6.5407,6.2582,-21.0359
AAPL,2022-05-09,short_term,AVOID_BAD_CHART,27.79,low,BEAR_RISK_OFF,PROFITABLE_GROWTH,3,149.20492553710938,20.0,68.0,45.0,50.0,downtrend,38.03,False,146.6347,145.17,149.54,8.0,15.0,48.8,32.0,34.1,18.0,85.0,26.7,50.0,50.0,60.0,-2.2031,4.4127,4.2807,-6.6158,-6.4838,-12.791
AAPL,2022-05-09,medium_term,AVOID_BAD_BUSINESS,39.48,low,BEAR_RISK_OFF,PROFITABLE_GROWTH,3,149.20492553710938,20.0,68.0,45.0,50.0,downtrend,38.03,False,146.6347,145.17,149.54,8.0,15.0,48.8,32.0,34.1,18.0,85.0,26.7,50.0,50.0,60.0,8.6079,3.7564,6.9122,4.8515,1.6957,-15.1387
AAPL,2022-05-09,long_term,WATCHLIST_VALUATION_TOO_RICH,48.11,low,BEAR_RISK_OFF,PROFITABLE_GROWTH,3,149.20492553710938,20.0,68.0,45.0,50.0,downtrend,38.03,False,146.6347,145.17,149.54,8.0,15.0,48.8,32.0,34.1,18.0,85.0,26.7,50.0,50.0,60.0,14.6621,5.4436,10.2602,9.2185,4.4019,-18.0924
AAPL,2022-05-16,short_term,AVOID_BAD_CHART,24.1,low,BEAR_RISK_OFF,PROFITABLE_GROWTH,3,142.807373046875,15.0,68.0,45.0,50.0,downtrend,36.87,False,141.5628,140.15,149.54,8.0,10.0,48.8,16.0,25.9,18.0,85.0,26.7,50.0,50.0,60.0,-8.7811,-6.5535,-7.5492,-2.2276,-1.2319,-9.6881
AAPL,2022-05-16,medium_term,AVOID_BAD_BUSINESS,36.22,low,BEAR_RISK_OFF,PROFITABLE_GROWTH,3,142.807373046875,15.0,68.0,45.0,50.0,downtrend,36.87,False,141.5628,140.15,149.54,8.0,10.0,48.8,16.0,25.9,18.0,85.0,26.7,50.0,50.0,60.0,19.0534,7.8648,11.553,11.1886,7.5004,-11.3371
AAPL,2022-05-16,long_term,WATCHLIST_VALUATION_TOO_RICH,47.2,low,BEAR_RISK_OFF,PROFITABLE_GROWTH,3,142.807373046875,15.0,68.0,45.0,50.0,downtrend,36.87,False,141.5628,140.15,149.54,8.0,10.0,48.8,16.0,25.9,18.0,85.0,26.7,50.0,50.0,60.0,19.3632,5.5425,11.8027,13.8207,7.5605,-14.423
AAPL,2022-05-23,short_term,AVOID_BAD_CHART,27.59,low,BEAR_RISK_OFF,PROFITABLE_GROWTH,3,140.4229736328125,20.0,68.0,45.0,50.0,downtrend,40.23,False,136.5631,135.2,141.32,8.0,15.0,53.8,30.0,25.9,18.0,85.0,26.7,50.0,50.0,60.0,-5.4224,-5.2688,-4.181,-0.1536,-1.2414,-9.8316
AAPL,2022-05-23,medium_term,AVOID_BAD_BUSINESS,39.19,low,BEAR_RISK_OFF,PROFITABLE_GROWTH,3,140.4229736328125,20.0,68.0,45.0,50.0,downtrend,40.23,False,136.5631,135.2,141.32,8.0,15.0,53.8,30.0,25.9,18.0,85.0,26.7,50.0,50.0,60.0,17.0165,4.3362,7.2317,12.6803,9.7848,-9.8316
AAPL,2022-05-23,long_term,WATCHLIST_VALUATION_TOO_RICH,47.7,low,BEAR_RISK_OFF,PROFITABLE_GROWTH,3,140.4229736328125,20.0,68.0,45.0,50.0,downtrend,40.23,False,136.5631,135.2,141.32,8.0,15.0,53.8,30.0,25.9,18.0,85.0,26.7,50.0,50.0,60.0,20.7925,5.3247,13.8742,15.4678,6.9183,-12.9699
AAPL,2022-05-30,short_term,AVOID_BAD_CHART,48.64,low,BEAR_RISK_OFF,PROFITABLE_GROWTH,3,146.8303680419922,20.0,68.0,45.0,50.0,downtrend,49.16,False,146.6347,145.17,149.54,50.0,30.0,70.0,76.0,25.9,18.0,85.0,26.7,50.0,50.0,60.0,-8.1529,-7.4191,-7.8484,-0.7338,-0.3045,-13.7664
AAPL,2022-05-30,medium_term,WATCHLIST_NEEDS_CONFIRMATION,48.69,low,BEAR_RISK_OFF,PROFITABLE_GROWTH,3,146.8303680419922,20.0,68.0,45.0,50.0,downtrend,49.16,False,146.6347,145.17,149.54,50.0,30.0,70.0,76.0,25.9,18.0,85.0,26.7,50.0,50.0,60.0,7.9953,-2.0732,-1.0655,10.0685,9.0608,-13.7664
AAPL,2022-05-30,long_term,WATCHLIST_VALUATION_TOO_RICH,51.3,medium,BEAR_RISK_OFF,PROFITABLE_GROWTH,3,146.8303680419922,20.0,68.0,45.0,50.0,downtrend,49.16,False,146.6347,145.17,149.54,50.0,30.0,70.0,76.0,25.9,18.0,85.0,26.7,50.0,50.0,60.0,19.1582,2.9059,13.7484,16.2523,5.4098,-16.7677
AAPL,2022-06-06,short_term,AVOID_BAD_CHART,36.89,low,BEAR_RISK_OFF,PROFITABLE_GROWTH,3,143.39605712890625,10.0,68.0,45.0,50.0,downtrend,45.69,False,135.8581,134.5,149.59,20.0,25.0,67.5,58.0,25.9,10.0,85.0,26.7,50.0,50.0,60.0,-2.2033,-6.5287,-5.815,4.3254,3.6117,-11.7011
AAPL,2022-06-06,medium_term,AVOID_BAD_BUSINESS,43.99,low,BEAR_RISK_OFF,PROFITABLE_GROWTH,3,143.39605712890625,10.0,68.0,45.0,50.0,downtrend,45.69,False,135.8581,134.5,149.59,20.0,25.0,67.5,58.0,25.9,10.0,85.0,26.7,50.0,50.0,60.0,5.888,-4.6971,-4.429,10.5851,10.317,-11.7011
AAPL,2022-06-06,long_term,WATCHLIST_VALUATION_TOO_RICH,49.3,low,BEAR_RISK_OFF,PROFITABLE_GROWTH,3,143.39605712890625,10.0,68.0,45.0,50.0,downtrend,45.69,False,135.8581,134.5,149.59,20.0,25.0,67.5,58.0,25.9,10.0,85.0,26.7,50.0,50.0,60.0,22.4045,5.3393,14.4132,17.0652,7.9913,-14.7743
AAPL,2022-06-13,short_term,AVOID_BAD_CHART,19.9,low,BEAR_RISK_OFF,PROFITABLE_GROWTH,3,129.4038543701172,15.0,68.0,45.0,50.0,downtrend,32.98,False,125.695,124.44,131.36,0.0,15.0,32.5,23.0,18.8,18.0,85.0,26.7,50.0,50.0,60.0,10.32,1.4577,3.9175,8.8623,6.4025,-2.1535
AAPL,2022-06-13,medium_term,AVOID_BAD_BUSINESS,38.19,low,BEAR_RISK_OFF,PROFITABLE_GROWTH,3,129.4038543701172,15.0,68.0,45.0,50.0,downtrend,32.98,False,125.695,124.44,131.36,0.0,15.0,32.5,23.0,18.8,18.0,85.0,26.7,50.0,50.0,60.0,16.8135,5.2795,6.846,11.534,9.9675,-2.1535
AAPL,2022-06-13,long_term,WATCHLIST_VALUATION_TOO_RICH,46.95,low,BEAR_RISK_OFF,PROFITABLE_GROWTH,3,129.4038543701172,15.0,68.0,45.0,50.0,downtrend,32.98,False,125.695,124.44,131.36,0.0,15.0,32.5,23.0,18.8,18.0,85.0,26.7,50.0,50.0,60.0,40.3157,18.5565,33.8772,21.7592,6.4385,-5.559
AAPL,2022-06-20,short_term,AVOID_BAD_CHART,30.29,low,BEAR_RISK_OFF,PROFITABLE_GROWTH,3,129.08984375,20.0,68.0,45.0,50.0,downtrend,36.04,False,126.1575,124.9,129.32,8.0,15.0,51.2,47.0,18.8,23.2,85.0,26.7,50.0,50.0,60.0,14.7765,4.5858,6.1264,10.1907,8.6501,1.3378
AAPL,2022-06-20,medium_term,AVOID_BAD_BUSINESS,42.39,low,BEAR_RISK_OFF,PROFITABLE_GROWTH,3,129.08984375,20.0,68.0,45.0,50.0,downtrend,36.04,False,126.1575,124.9,129.32,8.0,15.0,51.2,47.0,18.8,23.2,85.0,26.7,50.0,50.0,60.0,17.5848,4.0196,3.7331,13.5652,13.8517,1.3378
AAPL,2022-06-20,long_term,WATCHLIST_VALUATION_TOO_RICH,47.34,low,BEAR_RISK_OFF,PROFITABLE_GROWTH,3,129.08984375,20.0,68.0,45.0,50.0,downtrend,36.04,False,126.1575,124.9,129.32,8.0,15.0,51.2,47.0,18.8,23.2,85.0,26.7,50.0,50.0,60.0,40.6647,17.856,29.6714,22.8087,10.9933,-5.3293
AAPL,2022-06-27,short_term,AVOID_BAD_CHART,46.55,low,BEAR_RISK_OFF,PROFITABLE_GROWTH,3,139.00021362304688,20.0,68.0,45.0,50.0,downtrend,49.73,False,135.8581,134.5,141.28,65.0,30.0,72.5,43.0,18.8,23.2,85.0,26.7,50.0,50.0,60.0,7.0168,0.5919,0.6565,6.4249,6.3603,-5.5697
AAPL,2022-06-27,medium_term,AVOID_BAD_BUSINESS,44.69,low,BEAR_RISK_OFF,PROFITABLE_GROWTH,3,139.00021362304688,20.0,68.0,45.0,50.0,downtrend,49.73,False,135.8581,134.5,141.28,65.0,30.0,72.5,43.0,18.8,23.2,85.0,26.7,50.0,50.0,60.0,6.5787,-5.8631,-6.0137,12.4418,12.5924,-5.5697
AAPL,2022-06-27,long_term,WATCHLIST_VALUATION_TOO_RICH,51.7,medium,BEAR_RISK_OFF,PROFITABLE_GROWTH,3,139.00021362304688,20.0,68.0,45.0,50.0,downtrend,49.73,False,135.8581,134.5,141.28,65.0,30.0,72.5,43.0,18.8,23.2,85.0,26.7,50.0,50.0,60.0,34.3922,14.1347,25.5391,20.2575,8.8531,-12.0791
AAPL,2022-07-04,short_term,AVOID_BAD_CHART,40.65,low,BEAR_RISK_OFF,PROFITABLE_GROWTH,3,136.3214569091797,20.0,68.0,45.0,40.0,downtrend,47.32,False,135.8581,134.5,138.98,30.0,25.0,72.5,61.0,18.8,18.0,85.0,26.7,50.0,50.0,55.0,16.2528,7.5427,9.8655,8.7101,6.3873,-1.4396
AAPL,2022-07-04,medium_term,WATCHLIST_NEEDS_CONFIRMATION,45.09,low,BEAR_RISK_OFF,PROFITABLE_GROWTH,3,136.3214569091797,20.0,68.0,45.0,40.0,downtrend,47.32,False,135.8581,134.5,138.98,30.0,25.0,72.5,61.0,18.8,18.0,85.0,26.7,50.0,50.0,55.0,-0.3873,-6.1034,-6.6977,5.7161,6.3104,-1.4396
AAPL,2022-07-04,long_term,WATCHLIST_VALUATION_TOO_RICH,48.95,low,BEAR_RISK_OFF,PROFITABLE_GROWTH,3,136.3214569091797,20.0,68.0,45.0,40.0,downtrend,47.32,False,135.8581,134.5,138.98,30.0,25.0,72.5,61.0,18.8,18.0,85.0,26.7,50.0,50.0,55.0,38.5392,17.9093,29.9554,20.6299,8.5838,-10.3514
AAPL,2022-07-11,short_term,WATCHLIST,48.76,low,BEAR_RISK_OFF,PROFITABLE_GROWTH,3,142.14991760253906,45.0,68.0,45.0,40.0,sideways,54.17,False,135.8581,134.5,149.59,50.0,40.0,68.8,73.0,25.9,27.8,85.0,26.7,50.0,50.0,55.0,13.9636,7.4851,10.9569,6.4785,3.0067,-1.8983
AAPL,2022-07-11,medium_term,WATCHLIST_NEEDS_CONFIRMATION,51.11,medium,BEAR_RISK_OFF,PROFITABLE_GROWTH,3,142.14991760253906,45.0,68.0,45.0,40.0,sideways,54.17,False,135.8581,134.5,149.59,50.0,40.0,68.8,73.0,25.9,27.8,85.0,26.7,50.0,50.0,55.0,-3.1652,-5.1921,-6.7314,2.0269,3.5662,-4.8241
AAPL,2022-07-11,long_term,WATCHLIST_VALUATION_TOO_RICH,51.8,medium,BEAR_RISK_OFF,PROFITABLE_GROWTH,3,142.14991760253906,45.0,68.0,45.0,40.0,sideways,54.17,False,135.8581,134.5,149.59,50.0,40.0,68.8,73.0,25.9,27.8,85.0,26.7,50.0,50.0,55.0,31.7755,17.9771,29.9052,13.7984,1.8703,-14.0272
AAPL,2022-07-18,short_term,WAIT_FOR_PULLBACK,58.43,medium,BEAR_RISK_OFF,PROFITABLE_GROWTH,3,144.3086395263672,60.0,68.0,45.0,40.0,sideways,55.37,False,135.8581,134.5,149.59,73.7,50.0,68.8,88.0,25.9,33.0,85.0,26.7,50.0,50.0,55.0,17.9238,12.2817,15.0864,5.6421,2.8374,-0.1088
AAPL,2022-07-18,medium_term,WATCHLIST_NEEDS_CONFIRMATION,56.28,medium,BEAR_RISK_OFF,PROFITABLE_GROWTH,3,144.3086395263672,60.0,68.0,45.0,40.0,sideways,55.37,False,135.8581,134.5,149.59,73.7,50.0,68.8,88.0,25.9,33.0,85.0,26.7,50.0,50.0,55.0,-5.7781,-5.9827,-9.7414,0.2046,3.9633,-8.5084
AAPL,2022-07-18,long_term,WATCHLIST_VALUATION_TOO_RICH,53.98,medium,BEAR_RISK_OFF,PROFITABLE_GROWTH,3,144.3086395263672,60.0,68.0,45.0,40.0,sideways,55.37,False,135.8581,134.5,149.59,73.7,50.0,68.8,88.0,25.9,33.0,85.0,26.7,50.0,50.0,55.0,33.45,21.1241,34.2086,12.3259,-0.7586,-15.3133
AAPL,2022-07-25,short_term,WAIT_FOR_PULLBACK,64.05,medium,SIDEWAYS_CHOPPY,PROFITABLE_GROWTH,3,150.07823181152344,60.0,68.0,45.0,40.0,sideways,60.55,False,149.48,147.99,151.43,80.0,50.0,68.8,81.0,25.9,40.0,85.0,26.7,50.0,50.0,55.0,9.7108,4.4948,4.6925,5.216,5.0183,-1.4057
AAPL,2022-07-25,medium_term,WATCHLIST_NEEDS_CONFIRMATION,58.32,medium,SIDEWAYS_CHOPPY,PROFITABLE_GROWTH,3,150.07823181152344,60.0,68.0,45.0,40.0,sideways,60.55,False,149.48,147.99,151.43,80.0,50.0,68.8,81.0,25.9,40.0,85.0,26.7,50.0,50.0,55.0,-3.5799,-4.9909,-8.111,1.411,4.5311,-12.0257
AAPL,2022-07-25,long_term,WATCHLIST_VALUATION_TOO_RICH,54.3,medium,SIDEWAYS_CHOPPY,PROFITABLE_GROWTH,3,150.07823181152344,60.0,68.0,45.0,40.0,sideways,60.55,False,149.48,147.99,151.43,80.0,50.0,68.8,81.0,25.9,40.0,85.0,26.7,50.0,50.0,55.0,27.9251,17.0332,26.6233,10.8919,1.3018,-18.569
AAPL,2022-08-01,short_term,WAIT_FOR_PULLBACK,65.4,medium_high,SIDEWAYS_CHOPPY,PROFITABLE_GROWTH,3,158.4774627685547,95.0,68.0,45.0,50.0,weak_uptrend,68.06,False,155.03,153.48,160.42,92.0,90.0,51.2,81.0,30.6,46.0,85.0,26.7,50.0,50.0,60.0,0.0583,-1.9816,-3.4447,2.0399,3.503,-1.164
AAPL,2022-08-01,medium_term,BUY_STARTER,67.72,medium_high,SIDEWAYS_CHOPPY,PROFITABLE_GROWTH,3,158.4774627685547,95.0,68.0,45.0,50.0,weak_uptrend,68.06,False,158.48,153.48,160.42,92.0,90.0,51.2,81.0,30.6,46.0,85.0,26.7,50.0,50.0,60.0,-3.4386,-4.9059,-10.64,1.4673,7.2014,-16.6883
AAPL,2022-08-01,long_term,WATCHLIST_VALUATION_TOO_RICH,59.63,medium,SIDEWAYS_CHOPPY,PROFITABLE_GROWTH,3,158.4774627685547,95.0,68.0,45.0,50.0,weak_uptrend,68.06,False,155.03,153.48,160.42,92.0,90.0,51.2,81.0,30.6,46.0,85.0,26.7,50.0,50.0,60.0,19.9492,11.3715,19.5988,8.5777,0.3504,-22.8848
AAPL,2022-08-08,short_term,WAIT_FOR_PULLBACK,64.22,medium,SIDEWAYS_CHOPPY,PROFITABLE_GROWTH,3,161.99913024902344,95.0,68.0,45.0,50.0,weak_uptrend,68.55,False,159.845,158.25,163.43,92.0,90.0,56.2,66.0,38.8,46.0,85.0,26.7,50.0,50.0,60.0,-6.2716,-5.3827,-8.6246,-0.8889,2.353,-6.7811
AAPL,2022-08-08,medium_term,BUY_STARTER,65.47,medium_high,SIDEWAYS_CHOPPY,PROFITABLE_GROWTH,3,161.99913024902344,95.0,68.0,45.0,50.0,weak_uptrend,68.55,False,162.0,158.25,163.43,92.0,90.0,56.2,66.0,38.8,46.0,85.0,26.7,50.0,50.0,60.0,-15.928,-8.4975,-17.3223,-7.4305,1.3943,-18.4994
AAPL,2022-08-08,long_term,WATCHLIST_VALUATION_TOO_RICH,60.05,medium,SIDEWAYS_CHOPPY,PROFITABLE_GROWTH,3,161.99913024902344,95.0,68.0,45.0,50.0,weak_uptrend,68.55,False,159.845,158.25,163.43,92.0,90.0,56.2,66.0,38.8,46.0,85.0,26.7,50.0,50.0,60.0,8.5736,9.6949,15.5353,-1.1213,-6.9617,-24.5612
AAPL,2022-08-15,short_term,WAIT_FOR_PULLBACK,64.09,medium,SIDEWAYS_CHOPPY,PROFITABLE_GROWTH,3,170.1742401123047,65.0,68.0,45.0,50.0,weak_uptrend,75.56,True,168.3487,166.67,170.54,85.0,100.0,38.8,71.0,43.5,70.2,85.0,26.7,50.0,50.0,60.0,-11.1727,-8.3384,-11.8177,-2.8343,0.645,-11.8425
AAPL,2022-08-15,medium_term,BUY_ON_PULLBACK,71.85,medium_high,SIDEWAYS_CHOPPY,PROFITABLE_GROWTH,3,170.1742401123047,65.0,68.0,45.0,50.0,weak_uptrend,75.56,True,168.3487,166.67,170.54,85.0,100.0,38.8,71.0,43.5,70.2,85.0,26.7,50.0,50.0,60.0,-13.4198,-6.6952,-13.3857,-6.7246,-0.0341,-22.4147
AAPL,2022-08-15,long_term,WATCHLIST_VALUATION_TOO_RICH,60.93,medium,SIDEWAYS_CHOPPY,PROFITABLE_GROWTH,3,170.1742401123047,65.0,68.0,45.0,50.0,weak_uptrend,75.56,True,168.3487,166.67,170.54,85.0,100.0,38.8,71.0,43.5,70.2,85.0,26.7,50.0,50.0,60.0,2.5564,4.1877,9.6273,-1.6313,-7.0709,-28.1852
AAPL,2022-08-22,short_term,WAIT_FOR_PULLBACK,66.91,medium_high,SIDEWAYS_CHOPPY,PROFITABLE_GROWTH,3,164.65208435058594,95.0,68.0,45.0,50.0,weak_uptrend,58.3,False,163.915,162.28,164.83,80.0,100.0,67.5,65.0,38.8,70.2,85.0,26.7,50.0,50.0,60.0,-6.3675,-6.697,-7.9881,0.3295,1.6206,-11.4579
AAPL,2022-08-22,medium_term,BUY_STARTER,70.95,medium_high,SIDEWAYS_CHOPPY,PROFITABLE_GROWTH,3,164.65208435058594,95.0,68.0,45.0,50.0,weak_uptrend,58.3,False,164.65,162.28,164.83,80.0,100.0,67.5,65.0,38.8,70.2,85.0,26.7,50.0,50.0,60.0,-9.5656,-3.7966,-9.2341,-5.769,-0.3315,-19.8126
AAPL,2022-08-22,long_term,WATCHLIST_VALUATION_TOO_RICH,60.45,medium,SIDEWAYS_CHOPPY,PROFITABLE_GROWTH,3,164.65208435058594,95.0,68.0,45.0,50.0,weak_uptrend,58.3,False,163.915,162.28,164.83,80.0,100.0,67.5,65.0,38.8,70.2,85.0,26.7,50.0,50.0,60.0,8.7274,8.9306,18.2535,-0.2032,-9.5261,-25.7767
AAPL,2022-08-29,short_term,WATCHLIST,46.28,low,BEAR_RISK_OFF,PROFITABLE_GROWTH,3,158.5698699951172,85.0,68.0,45.0,50.0,weak_uptrend,45.38,False,156.63,155.06,160.42,55.0,80.0,57.5,37.0,38.8,48.2,85.0,26.7,50.0,50.0,60.0,-5.9611,-9.3777,-9.6701,3.4166,3.709,-8.0617
AAPL,2022-08-29,medium_term,WATCHLIST_NEEDS_CONFIRMATION,57.37,medium,BEAR_RISK_OFF,PROFITABLE_GROWTH,3,158.5698699951172,85.0,68.0,45.0,50.0,weak_uptrend,45.38,False,156.63,155.06,160.42,55.0,80.0,57.5,37.0,38.8,48.2,85.0,26.7,50.0,50.0,60.0,-10.485,-1.2651,-6.9616,-9.2199,-3.5234,-16.7369
AAPL,2022-08-29,long_term,WATCHLIST_VALUATION_TOO_RICH,57.2,medium,BEAR_RISK_OFF,PROFITABLE_GROWTH,3,158.5698699951172,85.0,68.0,45.0,50.0,weak_uptrend,45.38,False,156.63,155.06,160.42,55.0,80.0,57.5,37.0,38.8,48.2,85.0,26.7,50.0,50.0,60.0,16.9682,13.8452,24.6828,3.123,-7.7146,-22.9297
AAPL,2022-09-05,short_term,WATCHLIST,41.44,low,SIDEWAYS_CHOPPY,PROFITABLE_GROWTH,3,153.0968780517578,55.0,68.0,45.0,50.0,downtrend,37.89,False,152.6147,151.09,153.65,43.0,30.0,48.8,23.0,38.8,43.0,85.0,26.7,50.0,50.0,60.0,-8.5745,-5.7949,-6.4932,-2.7796,-2.0813,-11.6295
AAPL,2022-09-05,medium_term,WATCHLIST_NEEDS_CONFIRMATION,46.57,low,SIDEWAYS_CHOPPY,PROFITABLE_GROWTH,3,153.0968780517578,55.0,68.0,45.0,50.0,downtrend,37.89,False,152.6147,151.09,153.65,43.0,30.0,48.8,23.0,38.8,43.0,85.0,26.7,50.0,50.0,60.0,-4.9771,4.5607,0.0088,-9.5378,-4.9859,-13.7603
AAPL,2022-09-05,long_term,WATCHLIST_VALUATION_TOO_RICH,51.59,medium,SIDEWAYS_CHOPPY,PROFITABLE_GROWTH,3,153.0968780517578,55.0,68.0,45.0,50.0,downtrend,37.89,False,152.6147,151.09,153.65,43.0,30.0,48.8,23.0,38.8,43.0,85.0,26.7,50.0,50.0,60.0,18.0894,16.0576,28.7875,2.0318,-10.6981,-20.1746
AAPL,2022-09-12,short_term,WATCHLIST,54.14,medium,BEAR_RISK_OFF,PROFITABLE_GROWTH,3,160.584228515625,80.0,68.0,45.0,50.0,weak_uptrend,54.43,False,160.1275,158.53,164.8,70.0,70.0,78.8,30.0,38.8,60.5,85.0,26.7,50.0,50.0,60.0,-14.0794,-12.0376,-14.1119,-2.0418,0.0325,-15.7499
AAPL,2022-09-12,medium_term,WATCHLIST_NEEDS_CONFIRMATION,56.2,medium,BEAR_RISK_OFF,PROFITABLE_GROWTH,3,160.584228515625,80.0,68.0,45.0,50.0,weak_uptrend,54.43,False,160.1275,158.53,164.8,70.0,70.0,78.8,30.0,38.8,60.5,85.0,26.7,50.0,50.0,60.0,-12.8705,-3.9113,-9.0729,-8.9592,-3.7976,-17.7813
AAPL,2022-09-12,long_term,WATCHLIST_VALUATION_TOO_RICH,56.95,medium,BEAR_RISK_OFF,PROFITABLE_GROWTH,3,160.584228515625,80.0,68.0,45.0,50.0,weak_uptrend,54.43,False,160.1275,158.53,164.8,70.0,70.0,78.8,30.0,38.8,60.5,85.0,26.7,50.0,50.0,60.0,7.2285,10.422,21.284,-3.1935,-14.0555,-23.8965
AAPL,2022-09-19,short_term,AVOID_BAD_CHART,37.65,low,BEAR_RISK_OFF,PROFITABLE_GROWTH,3,151.79002380371094,40.0,68.0,45.0,50.0,downtrend,44.39,False,148.4594,146.97,153.65,28.0,30.0,57.5,28.0,34.1,50.0,85.0,26.7,50.0,50.0,60.0,-7.8133,-5.5926,-7.4558,-2.2207,-0.3575,-13.0179
AAPL,2022-09-19,medium_term,WATCHLIST_NEEDS_CONFIRMATION,46.39,low,BEAR_RISK_OFF,PROFITABLE_GROWTH,3,151.79002380371094,40.0,68.0,45.0,50.0,downtrend,44.39,False,148.4594,146.97,153.65,28.0,30.0,57.5,28.0,34.1,50.0,85.0,26.7,50.0,50.0,60.0,-12.7828,-0.9059,-5.7722,-11.8769,-7.0106,-13.2885
AAPL,2022-09-19,long_term,WATCHLIST_VALUATION_TOO_RICH,50.61,medium,BEAR_RISK_OFF,PROFITABLE_GROWTH,3,151.79002380371094,40.0,68.0,45.0,50.0,downtrend,44.39,False,148.4594,146.97,153.65,28.0,30.0,57.5,28.0,34.1,50.0,85.0,26.7,50.0,50.0,60.0,14.2744,14.6687,26.099,-0.3943,-11.8246,-19.4873
AAPL,2022-09-26,short_term,AVOID_BAD_CHART,36.85,low,BEAR_RISK_OFF,PROFITABLE_GROWTH,3,148.14463806152344,40.0,68.0,45.0,50.0,downtrend,40.67,False,141.5062,140.09,149.61,28.0,25.0,53.8,30.0,34.1,43.0,85.0,26.7,50.0,50.0,60.0,-0.8755,3.9966,1.4871,-4.8721,-2.3626,-10.8775
AAPL,2022-09-26,medium_term,AVOID_BAD_BUSINESS,44.99,low,BEAR_RISK_OFF,PROFITABLE_GROWTH,3,148.14463806152344,40.0,68.0,45.0,50.0,downtrend,40.67,False,141.5062,140.09,149.61,28.0,25.0,53.8,30.0,34.1,43.0,85.0,26.7,50.0,50.0,60.0,-12.3972,5.5882,-2.3216,-17.9854,-10.0756,-13.8721
AAPL,2022-09-26,long_term,WATCHLIST_VALUATION_TOO_RICH,50.11,medium,BEAR_RISK_OFF,PROFITABLE_GROWTH,3,148.14463806152344,40.0,68.0,45.0,50.0,downtrend,40.67,False,141.5062,140.09,149.61,28.0,25.0,53.8,30.0,34.1,43.0,85.0,26.7,50.0,50.0,60.0,13.7103,18.7881,30.2791,-5.0778,-16.5688,-17.5061
AAPL,2022-10-03,short_term,AVOID_BAD_CHART,32.84,low,BEAR_RISK_OFF,PROFITABLE_GROWTH,3,139.96951293945312,15.0,68.0,45.0,40.0,downtrend,36.06,False,139.3637,137.97,141.15,28.0,10.0,51.2,37.0,18.8,25.0,85.0,26.7,50.0,50.0,55.0,7.6448,5.3463,1.6159,2.2985,6.0289,-5.6722
AAPL,2022-10-03,medium_term,AVOID_BAD_BUSINESS,39.77,low,BEAR_RISK_OFF,PROFITABLE_GROWTH,3,139.96951293945312,15.0,68.0,45.0,40.0,downtrend,36.06,False,139.3637,137.97,141.15,28.0,10.0,51.2,37.0,18.8,25.0,85.0,26.7,50.0,50.0,55.0,-12.0551,4.3531,-3.0771,-16.4082,-8.978,-12.688
AAPL,2022-10-03,long_term,WATCHLIST_VALUATION_TOO_RICH,47.34,low,BEAR_RISK_OFF,PROFITABLE_GROWTH,3,139.96951293945312,15.0,68.0,45.0,40.0,downtrend,36.06,False,139.3637,137.97,141.15,28.0,10.0,51.2,37.0,18.8,25.0,85.0,26.7,50.0,50.0,55.0,22.6327,17.6577,32.4127,4.975,-9.78,-12.688
AAPL,2022-10-10,short_term,AVOID_BAD_CHART,25.68,low,BEAR_RISK_OFF,PROFITABLE_GROWTH,3,137.97488403320312,15.0,68.0,45.0,40.0,downtrend,36.09,False,135.8891,134.53,138.98,8.0,10.0,51.2,23.0,18.8,25.0,85.0,26.7,50.0,50.0,55.0,-0.9041,5.5358,0.4429,-6.4399,-1.347,-4.3085
AAPL,2022-10-10,medium_term,AVOID_BAD_BUSINESS,37.76,low,BEAR_RISK_OFF,PROFITABLE_GROWTH,3,137.97488403320312,15.0,68.0,45.0,40.0,downtrend,36.09,False,135.8891,134.53,138.98,8.0,10.0,51.2,23.0,18.8,25.0,85.0,26.7,50.0,50.0,55.0,-6.7463,8.9866,2.655,-15.7329,-9.4013,-11.4257
AAPL,2022-10-10,long_term,WATCHLIST_VALUATION_TOO_RICH,46.34,low,BEAR_RISK_OFF,PROFITABLE_GROWTH,3,137.97488403320312,15.0,68.0,45.0,40.0,downtrend,36.09,False,135.8891,134.53,138.98,8.0,10.0,51.2,23.0,18.8,25.0,85.0,26.7,50.0,50.0,55.0,28.8041,23.1011,40.2862,5.703,-11.4821,-11.4257
AAPL,2022-10-17,short_term,AVOID_BAD_CHART,33.26,low,BEAR_RISK_OFF,PROFITABLE_GROWTH,3,139.93020629882812,20.0,68.0,45.0,40.0,downtrend,43.75,False,135.8891,134.53,141.58,28.0,10.0,57.5,33.0,18.8,25.0,85.0,26.7,50.0,50.0,55.0,4.2946,7.715,5.9737,-3.4204,-1.6791,-5.4821
AAPL,2022-10-17,medium_term,AVOID_BAD_BUSINESS,39.19,low,BEAR_RISK_OFF,PROFITABLE_GROWTH,3,139.93020629882812,20.0,68.0,45.0,40.0,downtrend,43.75,False,135.8891,134.53,141.58,28.0,10.0,57.5,33.0,18.8,25.0,85.0,26.7,50.0,50.0,55.0,-4.8983,7.2155,3.4139,-12.1138,-8.3122,-12.6634
AAPL,2022-10-17,long_term,WATCHLIST_VALUATION_TOO_RICH,47.34,low,BEAR_RISK_OFF,PROFITABLE_GROWTH,3,139.93020629882812,20.0,68.0,45.0,40.0,downtrend,43.75,False,135.8891,134.53,141.58,28.0,10.0,57.5,33.0,18.8,25.0,85.0,26.7,50.0,50.0,55.0,24.207,19.1272,35.8207,5.0798,-11.6137,-12.6634
AAPL,2022-10-24,short_term,AVOID_BAD_CHART,45.85,low,BEAR_RISK_OFF,PROFITABLE_GROWTH,3,146.84764099121094,30.0,68.0,45.0,40.0,downtrend,54.44,False,141.3754,139.96,149.61,50.0,30.0,63.7,60.0,18.8,35.5,85.0,26.7,50.0,50.0,55.0,-0.7993,4.1492,1.2354,-4.9485,-2.0347,-9.9345
AAPL,2022-10-24,medium_term,WATCHLIST_NEEDS_CONFIRMATION,48.42,low,BEAR_RISK_OFF,PROFITABLE_GROWTH,3,146.84764099121094,30.0,68.0,45.0,40.0,downtrend,54.44,False,141.3754,139.96,149.61,50.0,30.0,63.7,60.0,18.8,35.5,85.0,26.7,50.0,50.0,55.0,-4.9212,6.1547,3.5801,-11.0759,-8.5013,-16.7775
AAPL,2022-10-24,long_term,WATCHLIST_VALUATION_TOO_RICH,50.45,medium,BEAR_RISK_OFF,PROFITABLE_GROWTH,3,146.84764099121094,30.0,68.0,45.0,40.0,downtrend,54.44,False,141.3754,139.96,149.61,50.0,30.0,63.7,60.0,18.8,35.5,85.0,26.7,50.0,50.0,55.0,15.1656,11.9442,26.6708,3.2214,-11.5052,-16.7775
AAPL,2022-10-31,short_term,WAIT_FOR_PULLBACK,55.25,medium,BEAR_RISK_OFF,PROFITABLE_GROWTH,3,150.6698760986328,45.0,68.0,45.0,50.0,sideways,56.36,False,148.4627,146.98,151.73,65.0,50.0,61.3,80.0,18.8,52.0,85.0,26.7,50.0,50.0,60.0,-7.7839,2.3355,0.9426,-10.1194,-8.7265,-12.2193
AAPL,2022-10-31,medium_term,WATCHLIST_NEEDS_CONFIRMATION,57.99,medium,BEAR_RISK_OFF,PROFITABLE_GROWTH,3,150.6698760986328,45.0,68.0,45.0,50.0,sideways,56.36,False,148.4627,146.98,151.73,65.0,50.0,61.3,80.0,18.8,52.0,85.0,26.7,50.0,50.0,60.0,-5.0011,6.8554,8.5233,-11.8565,-13.5244,-18.8887
AAPL,2022-10-31,long_term,WATCHLIST_VALUATION_TOO_RICH,53.7,medium,BEAR_RISK_OFF,PROFITABLE_GROWTH,3,150.6698760986328,45.0,68.0,45.0,50.0,sideways,56.36,False,148.4627,146.98,151.73,65.0,50.0,61.3,80.0,18.8,52.0,85.0,26.7,50.0,50.0,60.0,14.1268,11.1607,29.2965,2.9661,-15.1697,-18.8887
AAPL,2022-11-07,short_term,AVOID_BAD_CHART,27.9,low,BEAR_RISK_OFF,PROFITABLE_GROWTH,3,136.72744750976562,20.0,68.0,45.0,50.0,downtrend,41.3,False,135.8891,134.53,138.98,8.0,5.0,53.8,30.0,18.8,25.0,85.0,26.7,50.0,50.0,60.0,2.8721,3.6531,5.2655,-0.781,-2.3934,-3.1169
AAPL,2022-11-07,medium_term,AVOID_BAD_BUSINESS,38.28,low,BEAR_RISK_OFF,PROFITABLE_GROWTH,3,136.72744750976562,20.0,68.0,45.0,50.0,downtrend,41.3,False,135.8891,134.53,138.98,8.0,5.0,53.8,30.0,18.8,25.0,85.0,26.7,50.0,50.0,60.0,9.3579,8.5763,14.0172,0.7816,-4.6593,-10.6176
AAPL,2022-11-07,long_term,WATCHLIST_VALUATION_TOO_RICH,46.34,low,BEAR_RISK_OFF,PROFITABLE_GROWTH,3,136.72744750976562,20.0,68.0,45.0,50.0,downtrend,41.3,False,135.8891,134.53,138.98,8.0,5.0,53.8,30.0,18.8,25.0,85.0,26.7,50.0,50.0,60.0,32.213,16.8926,40.3146,15.3204,-8.1016,-10.6176
AAPL,2022-11-14,short_term,WATCHLIST,44.41,low,BEAR_RISK_OFF,PROFITABLE_GROWTH,3,145.93971252441406,45.0,68.0,45.0,50.0,sideways,53.15,False,141.5349,140.12,147.12,65.0,50.0,72.5,30.0,18.8,25.0,85.0,26.7,50.0,50.0,60.0,-1.8951,1.7336,1.1246,-3.6287,-3.0197,-5.584
AAPL,2022-11-14,medium_term,WATCHLIST_NEEDS_CONFIRMATION,46.91,low,BEAR_RISK_OFF,PROFITABLE_GROWTH,3,145.93971252441406,45.0,68.0,45.0,50.0,sideways,53.15,False,141.5349,140.12,147.12,65.0,50.0,72.5,30.0,18.8,25.0,85.0,26.7,50.0,50.0,60.0,4.9145,5.2544,8.5482,-0.3399,-3.6337,-16.2598
AAPL,2022-11-14,long_term,WATCHLIST_VALUATION_TOO_RICH,53.7,medium,BEAR_RISK_OFF,PROFITABLE_GROWTH,3,145.93971252441406,45.0,68.0,45.0,50.0,sideways,53.15,False,141.5349,140.12,147.12,65.0,50.0,72.5,30.0,18.8,25.0,85.0,26.7,50.0,50.0,60.0,27.5026,15.6001,36.0124,11.9025,-8.5098,-16.2598
AAPL,2022-11-21,short_term,WATCHLIST,43.65,low,BEAR_RISK_OFF,PROFITABLE_GROWTH,3,145.6739501953125,40.0,68.0,45.0,50.0,sideways,51.61,False,141.5349,140.12,147.12,45.0,50.0,70.0,50.0,18.8,29.5,85.0,26.7,50.0,50.0,60.0,-10.6141,-3.1178,-4.1522,-7.4963,-6.4619,-12.2424
AAPL,2022-11-21,medium_term,WATCHLIST_NEEDS_CONFIRMATION,50.43,medium,BEAR_RISK_OFF,PROFITABLE_GROWTH,3,145.6739501953125,40.0,68.0,45.0,50.0,sideways,51.61,False,141.5349,140.12,147.12,45.0,50.0,70.0,50.0,18.8,29.5,85.0,26.7,50.0,50.0,60.0,1.0933,2.0046,5.5485,-0.9113,-4.4552,-16.107
AAPL,2022-11-21,long_term,WATCHLIST_VALUATION_TOO_RICH,52.7,medium,BEAR_RISK_OFF,PROFITABLE_GROWTH,3,145.6739501953125,40.0,68.0,45.0,50.0,sideways,51.61,False,141.5349,140.12,147.12,45.0,50.0,70.0,50.0,18.8,29.5,85.0,26.7,50.0,50.0,60.0,29.9773,17.1299,39.3111,12.8474,-9.3338,-16.107
AAPL,2022-11-28,short_term,AVOID_BAD_CHART,35.42,low,BEAR_RISK_OFF,PROFITABLE_GROWTH,3,141.94378662109375,40.0,68.0,45.0,50.0,downtrend,46.06,False,141.5349,140.12,147.12,29.8,5.0,63.7,37.0,27.1,15.2,85.0,26.7,50.0,50.0,60.0,-9.8391,-3.2226,-6.5435,-6.6165,-3.2956,-10.7475
AAPL,2022-11-28,medium_term,AVOID_BAD_BUSINESS,37.88,low,BEAR_RISK_OFF,PROFITABLE_GROWTH,3,141.94378662109375,40.0,68.0,45.0,50.0,downtrend,46.06,False,141.5349,140.12,147.12,29.8,5.0,63.7,37.0,27.1,15.2,85.0,26.7,50.0,50.0,60.0,0.9096,0.1623,3.2497,0.7473,-2.3401,-13.9024
AAPL,2022-11-28,long_term,WATCHLIST_VALUATION_TOO_RICH,47.85,low,BEAR_RISK_OFF,PROFITABLE_GROWTH,3,141.94378662109375,40.0,68.0,45.0,50.0,downtrend,46.06,False,141.5349,140.12,147.12,29.8,5.0,63.7,37.0,27.1,15.2,85.0,26.7,50.0,50.0,60.0,32.0403,16.6342,38.818,15.4061,-6.7777,-13.9024
AAPL,2022-12-05,short_term,WATCHLIST,47.36,low,BEAR_RISK_OFF,PROFITABLE_GROWTH,3,144.31576538085938,55.0,68.0,45.0,50.0,sideways,49.53,False,141.5213,140.11,147.15,53.9,50.0,70.0,53.0,27.1,32.0,85.0,26.7,50.0,50.0,60.0,-13.8239,-3.5205,-7.3925,-10.3034,-6.4314,-15.3175
AAPL,2022-12-05,medium_term,WATCHLIST_NEEDS_CONFIRMATION,51.23,medium,BEAR_RISK_OFF,PROFITABLE_GROWTH,3,144.31576538085938,55.0,68.0,45.0,50.0,sideways,49.53,False,141.5213,140.11,147.15,53.9,50.0,70.0,53.0,27.1,32.0,85.0,26.7,50.0,50.0,60.0,4.4148,0.2908,3.7871,4.124,0.6277,-15.3175
AAPL,2022-12-05,long_term,WATCHLIST_VALUATION_TOO_RICH,53.55,medium,BEAR_RISK_OFF,PROFITABLE_GROWTH,3,144.31576538085938,55.0,68.0,45.0,50.0,sideways,49.53,False,141.5213,140.11,147.15,53.9,50.0,70.0,53.0,27.1,32.0,85.0,26.7,50.0,50.0,60.0,31.8932,15.5983,34.7726,16.2949,-2.8794,-15.3175
AAPL,2022-12-12,short_term,AVOID_BAD_CHART,42.77,low,SIDEWAYS_CHOPPY,PROFITABLE_GROWTH,3,142.2095184326172,20.0,68.0,45.0,50.0,downtrend,48.2,False,141.5227,140.11,142.63,30.0,20.0,68.8,40.0,27.1,32.0,85.0,26.7,50.0,50.0,60.0,-7.613,-0.4045,-2.5791,-7.2085,-5.0339,-14.0632
AAPL,2022-12-12,medium_term,WATCHLIST_NEEDS_CONFIRMATION,45.47,low,SIDEWAYS_CHOPPY,PROFITABLE_GROWTH,3,142.2095184326172,20.0,68.0,45.0,50.0,downtrend,48.2,False,141.5227,140.11,142.63,30.0,20.0,68.8,40.0,27.1,32.0,85.0,26.7,50.0,50.0,60.0,6.0444,-1.9758,4.9253,8.0202,1.1191,-14.0632
AAPL,2022-12-12,long_term,WATCHLIST_VALUATION_TOO_RICH,49.36,low,SIDEWAYS_CHOPPY,PROFITABLE_GROWTH,3,142.2095184326172,20.0,68.0,45.0,50.0,downtrend,48.2,False,141.5227,140.11,142.63,30.0,20.0,68.8,40.0,27.1,32.0,85.0,26.7,50.0,50.0,60.0,37.7718,19.7911,42.3337,17.9807,-4.5619,-14.0632
AAPL,2022-12-19,short_term,AVOID_BAD_CHART,18.83,low,BEAR_RISK_OFF,PROFITABLE_GROWTH,3,130.2808074951172,15.0,68.0,45.0,50.0,downtrend,33.72,False,129.545,128.25,134.76,0.0,5.0,38.8,15.0,27.1,5.2,85.0,26.7,50.0,50.0,60.0,2.1908,2.2683,2.0018,-0.0775,0.189,-6.1947
AAPL,2022-12-19,medium_term,AVOID_BAD_BUSINESS,33.49,low,BEAR_RISK_OFF,PROFITABLE_GROWTH,3,130.2808074951172,15.0,68.0,45.0,50.0,downtrend,33.72,False,129.545,128.25,134.76,0.0,5.0,38.8,15.0,27.1,5.2,85.0,26.7,50.0,50.0,60.0,19.416,3.5752,13.6585,15.8408,5.7575,-6.1947
AAPL,2022-12-19,long_term,WATCHLIST_VALUATION_TOO_RICH,46.36,low,BEAR_RISK_OFF,PROFITABLE_GROWTH,3,130.2808074951172,15.0,68.0,45.0,50.0,downtrend,33.72,False,129.545,128.25,134.76,0.0,5.0,38.8,15.0,27.1,5.2,85.0,26.7,50.0,50.0,60.0,48.0086,25.0926,50.3805,22.916,-2.3719,-6.1947
AAPL,2022-12-26,short_term,AVOID_BAD_CHART,22.25,low,BEAR_RISK_OFF,PROFITABLE_GROWTH,3,129.77882385253906,15.0,68.0,45.0,50.0,downtrend,35.69,False,129.545,128.25,134.71,8.0,5.0,51.2,11.0,27.1,5.2,85.0,26.7,50.0,50.0,60.0,7.5838,4.9685,9.1623,2.6153,-1.5785,-5.8319
AAPL,2022-12-26,medium_term,AVOID_BAD_BUSINESS,32.91,low,BEAR_RISK_OFF,PROFITABLE_GROWTH,3,129.77882385253906,15.0,68.0,45.0,50.0,downtrend,35.69,False,129.545,128.25,134.71,8.0,5.0,51.2,11.0,27.1,5.2,85.0,26.7,50.0,50.0,60.0,19.7412,4.119,16.6991,15.6222,3.0421,-5.8319
AAPL,2022-12-26,long_term,WATCHLIST_VALUATION_TOO_RICH,46.76,low,BEAR_RISK_OFF,PROFITABLE_GROWTH,3,129.77882385253906,15.0,68.0,45.0,50.0,downtrend,35.69,False,129.545,128.25,134.71,8.0,5.0,51.2,11.0,27.1,5.2,85.0,26.7,50.0,50.0,60.0,47.2999,26.836,57.1983,20.4639,-9.8984,-5.8319
AAPL,2023-01-02,short_term,AVOID_BAD_CHART,26.9,low,SIDEWAYS_CHOPPY,PROFITABLE_GROWTH,3,127.8792724609375,15.0,68.0,45.0,50.0,downtrend,37.47,False,127.23,125.96,134.71,8.0,5.0,53.8,18.0,27.1,12.2,85.0,26.7,50.0,50.0,60.0,11.0521,6.7381,11.3959,4.314,-0.3438,-4.4331
AAPL,2023-01-02,medium_term,AVOID_BAD_BUSINESS,36.2,low,SIDEWAYS_CHOPPY,PROFITABLE_GROWTH,3,127.8792724609375,15.0,68.0,45.0,50.0,downtrend,37.47,False,127.23,125.96,134.71,8.0,5.0,53.8,18.0,27.1,12.2,85.0,26.7,50.0,50.0,60.0,28.0873,8.3237,21.2362,19.7636,6.8511,-4.4331
AAPL,2023-01-02,long_term,WATCHLIST_VALUATION_TOO_RICH,46.76,low,SIDEWAYS_CHOPPY,PROFITABLE_GROWTH,3,127.8792724609375,15.0,68.0,45.0,50.0,downtrend,37.47,False,127.23,125.96,134.71,8.0,5.0,53.8,18.0,27.1,12.2,85.0,26.7,50.0,50.0,60.0,42.5998,24.9711,51.6493,17.6287,-9.0495,-4.4331
AAPL,2023-01-09,short_term,AVOID_BAD_CHART,33.24,low,SIDEWAYS_CHOPPY,PROFITABLE_GROWTH,3,128.09585571289062,20.0,68.0,45.0,40.0,downtrend,43.05,False,127.23,125.96,128.83,28.0,10.0,60.0,21.0,27.1,12.2,85.0,26.7,50.0,50.0,55.0,18.8244,7.0464,14.5413,11.778,4.2831,-1.5597
AAPL,2023-01-09,medium_term,AVOID_BAD_BUSINESS,37.15,low,SIDEWAYS_CHOPPY,PROFITABLE_GROWTH,3,128.09585571289062,20.0,68.0,45.0,40.0,downtrend,43.05,False,127.23,125.96,128.83,28.0,10.0,60.0,21.0,27.1,12.2,85.0,26.7,50.0,50.0,55.0,23.7384,6.0392,16.9213,17.6992,6.8171,-1.5597
AAPL,2023-01-09,long_term,WATCHLIST_VALUATION_TOO_RICH,47.76,low,SIDEWAYS_CHOPPY,PROFITABLE_GROWTH,3,128.09585571289062,20.0,68.0,45.0,40.0,downtrend,43.05,False,127.23,125.96,128.83,28.0,10.0,60.0,21.0,27.1,12.2,85.0,26.7,50.0,50.0,55.0,43.8576,24.7365,52.0375,19.1211,-8.1799,-1.5597
AAPL,2023-01-16,short_term,AVOID_BAD_CHART,45.88,low,BULL_NARROW_LEADERSHIP,PROFITABLE_GROWTH,3,132.63308715820312,30.0,68.0,45.0,40.0,downtrend,51.16,False,132.3075,130.98,134.71,50.0,20.0,66.2,43.0,34.1,17.5,85.0,26.7,50.0,50.0,55.0,14.3403,3.7861,8.1552,10.5542,6.1851,-0.7346
AAPL,2023-01-16,medium_term,AVOID_BAD_BUSINESS,43.24,low,BULL_NARROW_LEADERSHIP,PROFITABLE_GROWTH,3,132.63308715820312,30.0,68.0,45.0,40.0,downtrend,51.16,False,132.3075,130.98,134.71,50.0,20.0,66.2,43.0,34.1,17.5,85.0,26.7,50.0,50.0,55.0,22.7978,4.4623,13.4239,18.3355,9.3739,-0.7346
AAPL,2023-01-16,long_term,WATCHLIST_VALUATION_TOO_RICH,50.21,medium,BULL_NARROW_LEADERSHIP,PROFITABLE_GROWTH,3,132.63308715820312,30.0,68.0,45.0,40.0,downtrend,51.16,False,132.3075,130.98,134.71,50.0,20.0,66.2,43.0,34.1,17.5,85.0,26.7,50.0,50.0,55.0,36.3172,20.539,45.636,15.7782,-9.3188,-0.7346
AAPL,2023-01-23,short_term,WAIT_FOR_PULLBACK,58.88,medium,BULL_NARROW_LEADERSHIP,PROFITABLE_GROWTH,3,138.8828582763672,45.0,68.0,45.0,40.0,sideways,61.86,False,135.5825,134.23,140.5,65.0,45.0,63.7,80.0,34.1,33.2,85.0,26.7,50.0,50.0,55.0,5.3835,-0.3844,1.7546,5.7679,3.6289,-1.6299
AAPL,2023-01-23,medium_term,WATCHLIST_NEEDS_CONFIRMATION,56.15,medium,BULL_NARROW_LEADERSHIP,PROFITABLE_GROWTH,3,138.8828582763672,45.0,68.0,45.0,40.0,sideways,61.86,False,135.5825,134.23,140.5,65.0,45.0,63.7,80.0,34.1,33.2,85.0,26.7,50.0,50.0,55.0,17.3428,3.3884,9.5097,13.9544,7.8331,-1.6299
AAPL,2023-01-23,long_term,WATCHLIST_VALUATION_TOO_RICH,53.46,medium,BULL_NARROW_LEADERSHIP,PROFITABLE_GROWTH,3,138.8828582763672,45.0,68.0,45.0,40.0,sideways,61.86,False,135.5825,134.23,140.5,65.0,45.0,63.7,80.0,34.1,33.2,85.0,26.7,50.0,50.0,55.0,38.6062,22.9981,48.3846,15.6081,-9.7784,-1.6299
AAPL,2023-01-30,short_term,WAIT_FOR_PULLBACK,61.84,medium,BULL_NARROW_LEADERSHIP,PROFITABLE_GROWTH,3,140.74305725097656,65.0,68.0,45.0,40.0,sideways,60.55,False,136.1012,134.74,141.39,75.1,50.0,68.8,81.0,34.1,28.0,85.0,26.7,50.0,50.0,55.0,3.2413,-1.0809,1.1335,4.3222,2.1078,-1.1748
AAPL,2023-01-30,medium_term,WATCHLIST_NEEDS_CONFIRMATION,56.52,medium,BULL_NARROW_LEADERSHIP,PROFITABLE_GROWTH,3,140.74305725097656,65.0,68.0,45.0,40.0,sideways,60.55,False,136.1012,134.74,141.39,75.1,50.0,68.8,81.0,34.1,28.0,85.0,26.7,50.0,50.0,55.0,18.7755,4.1204,11.1685,14.6551,7.607,-1.1748
AAPL,2023-01-30,long_term,WATCHLIST_VALUATION_TOO_RICH,54.47,medium,BULL_NARROW_LEADERSHIP,PROFITABLE_GROWTH,3,140.74305725097656,65.0,68.0,45.0,40.0,sideways,60.55,False,136.1012,134.74,141.39,75.1,50.0,68.8,81.0,34.1,28.0,85.0,26.7,50.0,50.0,55.0,29.6718,22.3743,44.6415,7.2975,-14.9697,-1.1748
AAPL,2023-02-06,short_term,WAIT_FOR_PULLBACK,69.22,medium_high,BULL_RISK_ON,PROFITABLE_GROWTH,3,149.33526611328125,90.0,68.0,45.0,50.0,weak_uptrend,67.71,False,146.357,144.89,150.51,92.0,70.0,48.8,78.0,34.1,40.2,85.0,26.7,50.0,50.0,60.0,0.0669,-2.8207,-2.3881,2.8876,2.455,-5.0157
AAPL,2023-02-06,medium_term,BUY_STARTER,65.05,medium_high,BULL_RISK_ON,PROFITABLE_GROWTH,3,149.33526611328125,90.0,68.0,45.0,50.0,weak_uptrend,67.71,False,149.34,144.89,150.51,92.0,70.0,48.8,78.0,34.1,40.2,85.0,26.7,50.0,50.0,60.0,14.5224,1.0944,6.7858,13.428,7.7366,-5.0157
AAPL,2023-02-06,long_term,WATCHLIST_VALUATION_TOO_RICH,57.81,medium,BULL_RISK_ON,PROFITABLE_GROWTH,3,149.33526611328125,90.0,68.0,45.0,50.0,weak_uptrend,67.71,False,146.357,144.89,150.51,92.0,70.0,48.8,78.0,34.1,40.2,85.0,26.7,50.0,50.0,60.0,25.5313,23.3854,43.277,2.1459,-17.7457,-5.0157
AAPL,2023-02-13,short_term,BUY_NOW_MOMENTUM,73.62,medium_high,BULL_RISK_ON,PROFITABLE_GROWTH,3,151.65301513671875,70.0,68.0,45.0,50.0,weak_uptrend,66.51,False,141.5257,140.11,155.23,92.0,90.0,56.2,81.0,38.8,50.2,85.0,26.7,50.0,50.0,60.0,-0.819,-5.1111,-2.3415,4.2921,1.5225,-6.4674
AAPL,2023-02-13,medium_term,BUY_STARTER,71.25,medium_high,BULL_RISK_ON,PROFITABLE_GROWTH,3,151.65301513671875,70.0,68.0,45.0,50.0,weak_uptrend,66.51,False,151.65,140.11,155.23,92.0,90.0,56.2,81.0,38.8,50.2,85.0,26.7,50.0,50.0,60.0,11.9974,0.4254,7.4863,11.572,4.5111,-6.4674
AAPL,2023-02-13,long_term,WATCHLIST_VALUATION_TOO_RICH,60.05,medium,BULL_RISK_ON,PROFITABLE_GROWTH,3,151.65301513671875,70.0,68.0,45.0,50.0,weak_uptrend,66.51,False,141.5257,140.11,155.23,92.0,90.0,56.2,81.0,38.8,50.2,85.0,26.7,50.0,50.0,60.0,20.3334,22.6044,43.2556,-2.271,-22.9222,-6.4674
AAPL,2023-02-20,short_term,BUY_NOW_MOMENTUM,70.88,medium_high,BULL_RISK_ON,PROFITABLE_GROWTH,3,150.37156677246094,75.0,68.0,45.0,50.0,weak_uptrend,61.01,False,150.2324,148.73,150.51,90.0,90.0,70.0,61.0,38.8,45.0,85.0,26.7,50.0,50.0,60.0,3.1793,-0.964,4.2219,4.1433,-1.0426,-5.6703
AAPL,2023-02-20,medium_term,BUY_STARTER,67.31,medium_high,BULL_RISK_ON,PROFITABLE_GROWTH,3,150.37156677246094,75.0,68.0,45.0,50.0,weak_uptrend,61.01,False,150.37,148.73,150.51,90.0,90.0,70.0,61.0,38.8,45.0,85.0,26.7,50.0,50.0,60.0,14.9802,5.294,14.6247,9.6862,0.3555,-5.6703
AAPL,2023-02-20,long_term,WATCHLIST_VALUATION_TOO_RICH,59.95,medium,BULL_RISK_ON,PROFITABLE_GROWTH,3,150.37156677246094,75.0,68.0,45.0,50.0,weak_uptrend,61.01,False,150.2324,148.73,150.51,90.0,90.0,70.0,61.0,38.8,45.0,85.0,26.7,50.0,50.0,60.0,20.1528,26.4795,45.7507,-6.3267,-25.5979,-5.6703
AAPL,2023-02-27,short_term,WAIT_FOR_PULLBACK,57.15,medium,BULL_RISK_ON,PROFITABLE_GROWTH,3,145.8076629638672,70.0,68.0,45.0,50.0,weak_uptrend,51.16,False,141.5257,140.11,150.52,50.0,75.0,66.2,63.0,34.1,32.8,85.0,26.7,50.0,50.0,60.0,7.0038,0.0687,5.2045,6.9351,1.7993,-2.7177
AAPL,2023-02-27,medium_term,BUY_STARTER,62.59,medium,BULL_RISK_ON,PROFITABLE_GROWTH,3,145.8076629638672,70.0,68.0,45.0,50.0,weak_uptrend,51.16,False,145.81,140.11,150.52,50.0,75.0,66.2,63.0,34.1,32.8,85.0,26.7,50.0,50.0,60.0,18.7619,6.0073,18.7111,12.7546,0.0508,-2.7177
AAPL,2023-02-27,long_term,WATCHLIST_VALUATION_TOO_RICH,56.21,medium,BULL_RISK_ON,PROFITABLE_GROWTH,3,145.8076629638672,70.0,68.0,45.0,50.0,weak_uptrend,51.16,False,141.5257,140.11,150.52,50.0,75.0,66.2,63.0,34.1,32.8,85.0,26.7,50.0,50.0,60.0,23.302,29.2219,49.1044,-5.9199,-25.8024,-2.7177
AAPL,2023-03-06,short_term,BUY_NOW_MOMENTUM,76.59,medium_high,BULL_RISK_ON,PROFITABLE_GROWTH,3,151.63327026367188,95.0,68.0,45.0,50.0,weak_uptrend,61.35,False,150.3975,148.89,155.28,100.0,90.0,66.2,64.0,38.8,64.5,85.0,26.7,50.0,50.0,60.0,8.0218,1.9898,6.8747,6.032,1.1471,-4.0434
AAPL,2023-03-06,medium_term,BUY_STARTER,70.83,medium_high,BULL_RISK_ON,PROFITABLE_GROWTH,3,151.63327026367188,95.0,68.0,45.0,50.0,weak_uptrend,61.35,False,151.63,148.89,155.28,100.0,90.0,66.2,64.0,38.8,64.5,85.0,26.7,50.0,50.0,60.0,16.9007,5.998,18.4752,10.9027,-1.5745,-4.0434
AAPL,2023-03-06,long_term,WATCHLIST_VALUATION_TOO_RICH,60.45,medium,BULL_RISK_ON,PROFITABLE_GROWTH,3,151.63327026367188,95.0,68.0,45.0,50.0,weak_uptrend,61.35,False,150.3975,148.89,155.28,100.0,90.0,66.2,64.0,38.8,64.5,85.0,26.7,50.0,50.0,60.0,10.5264,27.9446,47.2641,-17.4182,-36.7377,-4.0434
AAPL,2023-03-13,short_term,WAIT_FOR_PULLBACK,57.59,medium,SIDEWAYS_CHOPPY,PROFITABLE_GROWTH,3,148.32127380371094,95.0,68.0,45.0,50.0,weak_uptrend,53.31,False,141.6879,140.27,150.52,75.0,75.0,68.8,30.0,34.1,64.5,85.0,26.7,50.0,50.0,60.0,6.8651,6.7272,8.8166,0.1379,-1.9515,-0.3655
AAPL,2023-03-13,medium_term,WATCHLIST_NEEDS_CONFIRMATION,59.84,medium,SIDEWAYS_CHOPPY,PROFITABLE_GROWTH,3,148.32127380371094,95.0,68.0,45.0,50.0,weak_uptrend,53.31,False,141.6879,140.27,150.52,75.0,75.0,68.8,30.0,34.1,64.5,85.0,26.7,50.0,50.0,60.0,22.3129,12.9997,24.2038,9.3132,-1.8909,-0.3655
AAPL,2023-03-13,long_term,WATCHLIST_VALUATION_TOO_RICH,57.46,medium,SIDEWAYS_CHOPPY,PROFITABLE_GROWTH,3,148.32127380371094,95.0,68.0,45.0,50.0,weak_uptrend,53.31,False,141.6879,140.27,150.52,75.0,75.0,68.8,30.0,34.1,64.5,85.0,26.7,50.0,50.0,60.0,14.3373,35.928,52.4964,-21.5907,-38.1591,-0.3655
AAPL,2023-03-20,short_term,BUY_NOW_MOMENTUM,74.63,medium_high,SIDEWAYS_CHOPPY,PROFITABLE_GROWTH,3,155.15228271484375,95.0,68.0,45.0,50.0,weak_uptrend,63.46,False,152.11,150.59,155.3,100.0,90.0,63.7,69.0,48.2,81.8,85.0,26.7,50.0,50.0,60.0,5.7624,5.1988,4.2128,0.5636,1.5496,-0.9021
AAPL,2023-03-20,medium_term,BUY_STARTER,71.29,medium_high,SIDEWAYS_CHOPPY,PROFITABLE_GROWTH,3,155.15228271484375,95.0,68.0,45.0,50.0,weak_uptrend,63.46,False,155.15,150.59,155.3,100.0,90.0,63.7,69.0,48.2,81.8,85.0,26.7,50.0,50.0,60.0,17.7039,11.4451,20.0782,6.2588,-2.3743,-0.9021
AAPL,2023-03-20,long_term,WATCHLIST_VALUATION_TOO_RICH,60.91,medium,SIDEWAYS_CHOPPY,PROFITABLE_GROWTH,3,155.15228271484375,95.0,68.0,45.0,50.0,weak_uptrend,63.46,False,152.11,150.59,155.3,100.0,90.0,63.7,69.0,48.2,81.8,85.0,26.7,50.0,50.0,60.0,14.1193,34.103,46.0063,-19.9837,-31.887,-0.9021
AAPL,2023-03-27,short_term,BUY_NOW_MOMENTUM,75.43,medium_high,SIDEWAYS_CHOPPY,PROFITABLE_GROWTH,3,156.0197296142578,100.0,68.0,45.0,50.0,strong_uptrend,60.77,False,152.1025,150.58,157.57,100.0,90.0,68.8,73.0,48.2,75.0,85.0,26.7,50.0,50.0,60.0,3.4685,2.4187,0.3984,1.0498,3.0701,-1.4531
AAPL,2023-03-27,medium_term,BUY_STARTER,70.87,medium_high,SIDEWAYS_CHOPPY,PROFITABLE_GROWTH,3,156.0197296142578,100.0,68.0,45.0,50.0,strong_uptrend,60.77,False,156.02,150.58,157.57,100.0,90.0,68.8,73.0,48.2,75.0,85.0,26.7,50.0,50.0,60.0,18.9791,10.4165,17.9975,8.5626,0.9816,-1.4531
AAPL,2023-03-27,long_term,WATCHLIST_VALUATION_TOO_RICH,60.91,medium,SIDEWAYS_CHOPPY,PROFITABLE_GROWTH,3,156.0197296142578,100.0,68.0,45.0,50.0,strong_uptrend,60.77,False,152.1025,150.58,157.57,100.0,90.0,68.8,73.0,48.2,75.0,85.0,26.7,50.0,50.0,60.0,10.0803,33.8612,45.0325,-23.7809,-34.9522,-1.4531
AAPL,2023-04-03,short_term,BUY_NOW_MOMENTUM,76.85,medium_high,BULL_RISK_ON,PROFITABLE_GROWTH,3,163.79705810546875,95.0,68.0,45.0,50.0,strong_uptrend,71.21,False,163.36,161.73,164.2,92.0,95.0,38.8,81.0,48.2,87.0,85.0,26.7,50.0,50.0,60.0,1.4263,-0.0268,-0.2405,1.4531,1.6668,-3.8455
AAPL,2023-04-03,medium_term,BUY_NOW,78.05,medium_high,BULL_RISK_ON,PROFITABLE_GROWTH,3,163.79705810546875,95.0,68.0,45.0,50.0,strong_uptrend,71.21,False,163.8,161.73,164.2,92.0,95.0,38.8,81.0,48.2,87.0,85.0,26.7,50.0,50.0,60.0,15.3004,8.2312,15.817,7.0692,-0.5166,-3.8455
AAPL,2023-04-03,long_term,WATCHLIST_VALUATION_TOO_RICH,61.02,medium,BULL_RISK_ON,PROFITABLE_GROWTH,3,163.79705810546875,95.0,68.0,45.0,50.0,strong_uptrend,71.21,False,163.36,161.73,164.2,92.0,95.0,38.8,81.0,48.2,87.0,85.0,26.7,50.0,50.0,60.0,2.137,26.6577,36.8887,-24.5207,-34.7517,-3.8455
AAPL,2023-04-10,short_term,BUY_NOW_MOMENTUM,77.11,medium_high,BULL_RISK_ON,PROFITABLE_GROWTH,3,159.71615600585938,100.0,68.0,45.0,40.0,strong_uptrend,58.57,False,156.03,154.47,160.79,80.0,95.0,67.5,71.0,48.2,87.0,85.0,26.7,50.0,50.0,55.0,7.0789,0.7641,1.8309,6.3148,5.248,-1.3886
AAPL,2023-04-10,medium_term,BUY_NOW,75.97,medium_high,BULL_RISK_ON,PROFITABLE_GROWTH,3,159.71615600585938,100.0,68.0,45.0,40.0,strong_uptrend,58.57,False,159.72,154.47,160.79,80.0,95.0,67.5,71.0,48.2,87.0,85.0,26.7,50.0,50.0,55.0,16.2378,8.4211,15.983,7.8167,0.2548,-1.3886
AAPL,2023-04-10,long_term,WATCHLIST_VALUATION_TOO_RICH,59.91,medium,BULL_RISK_ON,PROFITABLE_GROWTH,3,159.71615600585938,100.0,68.0,45.0,40.0,strong_uptrend,58.57,False,156.03,154.47,160.79,80.0,95.0,67.5,71.0,48.2,87.0,85.0,26.7,50.0,50.0,55.0,4.1015,27.3321,38.8301,-23.2306,-34.7286,-1.3886
AAPL,2023-04-17,short_term,BUY_NOW_MOMENTUM,78.72,medium_high,BULL_RISK_ON,PROFITABLE_GROWTH,3,162.8704833984375,100.0,68.0,45.0,40.0,strong_uptrend,62.43,False,160.1175,158.52,164.5,100.0,95.0,68.8,56.0,48.2,81.8,85.0,26.7,50.0,50.0,55.0,4.2837,-0.2247,2.4934,4.5084,1.7903,-1.4707
AAPL,2023-04-17,medium_term,BUY_NOW,72.81,medium_high,BULL_RISK_ON,PROFITABLE_GROWTH,3,162.8704833984375,100.0,68.0,45.0,40.0,strong_uptrend,62.43,False,162.87,158.52,164.5,100.0,95.0,68.8,56.0,48.2,81.8,85.0,26.7,50.0,50.0,55.0,17.4108,10.1312,21.1483,7.2796,-3.7375,-1.4707
AAPL,2023-04-17,long_term,WATCHLIST_VALUATION_TOO_RICH,60.91,medium,BULL_RISK_ON,PROFITABLE_GROWTH,3,162.8704833984375,100.0,68.0,45.0,40.0,strong_uptrend,62.43,False,160.1175,158.52,164.5,100.0,95.0,68.8,56.0,48.2,81.8,85.0,26.7,50.0,50.0,55.0,2.2192,22.6744,34.4516,-20.4552,-32.2324,-1.4707
AAPL,2023-04-24,short_term,BUY_NOW_MOMENTUM,76.7,medium_high,BULL_RISK_ON,PROFITABLE_GROWTH,3,162.96910095214844,100.0,68.0,45.0,40.0,strong_uptrend,59.24,False,160.1175,158.52,165.13,90.0,95.0,70.0,58.0,48.2,81.8,85.0,26.7,50.0,50.0,55.0,5.5107,1.4929,6.865,4.0178,-1.3543,-1.5303
AAPL,2023-04-24,medium_term,BUY_NOW,73.12,medium_high,BULL_RISK_ON,PROFITABLE_GROWTH,3,162.96910095214844,100.0,68.0,45.0,40.0,strong_uptrend,59.24,False,162.97,158.52,165.13,90.0,95.0,70.0,58.0,48.2,81.8,85.0,26.7,50.0,50.0,55.0,17.2732,10.7849,20.0505,6.4883,-2.7773,-1.5303
AAPL,2023-04-24,long_term,WATCHLIST_VALUATION_TOO_RICH,60.41,medium,BULL_RISK_ON,PROFITABLE_GROWTH,3,162.96910095214844,100.0,68.0,45.0,40.0,strong_uptrend,59.24,False,160.1175,158.52,165.13,90.0,95.0,70.0,58.0,48.2,81.8,85.0,26.7,50.0,50.0,55.0,2.7776,24.2588,35.8949,-21.4812,-33.1173,-1.5303
AAPL,2023-05-01,short_term,BUY_NOW_MOMENTUM,74.0,medium_high,BULL_RISK_ON,PROFITABLE_GROWTH,3,167.168212890625,100.0,68.0,45.0,40.0,strong_uptrend,65.85,False,163.27,161.64,168.07,92.0,100.0,51.2,55.0,52.9,87.8,85.0,26.7,50.0,50.0,55.0,4.6909,1.1239,8.6253,3.567,-3.9344,-3.1134
AAPL,2023-05-01,medium_term,BUY_NOW,74.63,medium_high,BULL_RISK_ON,PROFITABLE_GROWTH,3,167.168212890625,100.0,68.0,45.0,40.0,strong_uptrend,65.85,False,167.17,161.64,168.07,92.0,100.0,51.2,55.0,52.9,87.8,85.0,26.7,50.0,50.0,55.0,15.5024,10.2683,18.9717,5.2341,-3.4693,-3.1134
AAPL,2023-05-01,long_term,WATCHLIST_VALUATION_TOO_RICH,61.25,medium,BULL_RISK_ON,PROFITABLE_GROWTH,3,167.168212890625,100.0,68.0,45.0,40.0,strong_uptrend,65.85,False,163.27,161.64,168.07,92.0,100.0,51.2,55.0,52.9,87.8,85.0,26.7,50.0,50.0,55.0,0.3619,22.1621,31.7039,-21.8002,-31.342,-3.1134
AAPL,2023-05-08,short_term,BUY_NOW_MOMENTUM,71.34,medium_high,BULL_RISK_ON,PROFITABLE_GROWTH,3,171.02235412597656,100.0,68.0,45.0,50.0,strong_uptrend,67.43,False,162.965,161.34,172.44,92.0,100.0,51.2,35.0,52.9,94.8,85.0,26.7,50.0,50.0,60.0,3.4339,3.7045,9.6234,-0.2706,-6.1895,-1.6393
AAPL,2023-05-08,medium_term,BUY_NOW,73.12,medium_high,BULL_RISK_ON,PROFITABLE_GROWTH,3,171.02235412597656,100.0,68.0,45.0,50.0,strong_uptrend,67.43,False,171.02,161.34,172.44,92.0,100.0,51.2,35.0,52.9,94.8,85.0,26.7,50.0,50.0,60.0,3.7745,9.1285,15.0824,-5.354,-11.3079,-1.6393
AAPL,2023-05-08,long_term,WATCHLIST_VALUATION_TOO_RICH,61.75,medium,BULL_RISK_ON,PROFITABLE_GROWTH,3,171.02235412597656,100.0,68.0,45.0,50.0,strong_uptrend,67.43,False,162.965,161.34,172.44,92.0,100.0,51.2,35.0,52.9,94.8,85.0,26.7,50.0,50.0,60.0,5.8879,27.1211,36.8595,-21.2332,-30.9716,-4.9246
AAPL,2023-05-15,short_term,BUY_NOW_MOMENTUM,74.4,medium_high,BULL_RISK_ON,PROFITABLE_GROWTH,3,169.847412109375,100.0,68.0,45.0,50.0,strong_uptrend,61.45,False,168.97,167.28,172.52,90.0,100.0,68.8,34.0,52.9,94.8,85.0,26.7,50.0,50.0,60.0,6.5322,5.7262,11.1601,0.806,-4.6279,-0.9589
AAPL,2023-05-15,medium_term,BUY_NOW,72.96,medium_high,BULL_RISK_ON,PROFITABLE_GROWTH,3,169.847412109375,100.0,68.0,45.0,50.0,strong_uptrend,61.45,False,169.85,167.28,172.52,90.0,100.0,68.8,34.0,52.9,94.8,85.0,26.7,50.0,50.0,60.0,3.2659,7.633,12.2809,-4.3671,-9.015,-0.9589
AAPL,2023-05-15,long_term,WATCHLIST_VALUATION_TOO_RICH,61.65,medium,BULL_RISK_ON,PROFITABLE_GROWTH,3,169.847412109375,100.0,68.0,45.0,50.0,strong_uptrend,61.45,False,168.97,167.28,172.52,90.0,100.0,68.8,34.0,52.9,94.8,85.0,26.7,50.0,50.0,60.0,10.843,30.1304,39.5166,-19.2874,-28.6736,-4.2669
AAPL,2023-05-22,short_term,BUY_NOW_MOMENTUM,82.16,high,BULL_RISK_ON,PROFITABLE_GROWTH,3,171.94989013671875,100.0,68.0,45.0,50.0,strong_uptrend,63.77,False,168.8275,167.14,173.31,100.0,100.0,68.8,58.0,69.4,82.8,85.0,26.7,50.0,50.0,60.0,5.6028,4.2421,7.3322,1.3607,-1.7294,-2.1125
AAPL,2023-05-22,medium_term,BUY_NOW,74.84,medium_high,BULL_RISK_ON,PROFITABLE_GROWTH,3,171.94989013671875,100.0,68.0,45.0,50.0,strong_uptrend,63.77,False,171.95,167.14,173.31,100.0,100.0,68.8,58.0,69.4,82.8,85.0,26.7,50.0,50.0,60.0,1.8768,5.0115,7.7711,-3.1347,-5.8943,-2.1125
AAPL,2023-05-22,long_term,WATCHLIST_VALUATION_TOO_RICH,62.98,medium,BULL_RISK_ON,PROFITABLE_GROWTH,3,171.94989013671875,100.0,68.0,45.0,50.0,strong_uptrend,63.77,False,168.8275,167.14,173.31,100.0,100.0,68.8,58.0,69.4,82.8,85.0,26.7,50.0,50.0,60.0,10.1687,28.3466,35.8711,-18.1779,-25.7024,-5.4374
AAPL,2023-05-29,short_term,BUY_NOW_MOMENTUM,84.33,high,BULL_RISK_ON,PROFITABLE_GROWTH,3,173.16400146484375,100.0,68.0,45.0,50.0,strong_uptrend,63.83,False,168.84,167.15,173.31,100.0,95.0,68.8,68.0,69.4,82.8,85.0,26.7,50.0,50.0,60.0,7.1995,4.1911,4.1,3.0084,3.0995,0.6498
AAPL,2023-05-29,medium_term,BUY_NOW,75.36,medium_high,BULL_RISK_ON,PROFITABLE_GROWTH,3,173.16400146484375,100.0,68.0,45.0,50.0,strong_uptrend,63.83,False,173.16,167.15,173.31,100.0,95.0,68.8,68.0,69.4,82.8,85.0,26.7,50.0,50.0,60.0,2.852,5.7653,4.9383,-2.9133,-2.0863,-1.8456
AAPL,2023-05-29,long_term,WATCHLIST_VALUATION_TOO_RICH,62.48,medium,BULL_RISK_ON,PROFITABLE_GROWTH,3,173.16400146484375,100.0,68.0,45.0,50.0,strong_uptrend,63.83,False,168.84,167.15,173.31,100.0,95.0,68.8,68.0,69.4,82.8,85.0,26.7,50.0,50.0,60.0,9.0467,27.0214,31.2904,-17.9747,-22.2437,-6.1005
AAPL,2023-06-05,short_term,BUY_NOW_MOMENTUM,75.93,medium_high,BULL_RISK_ON,PROFITABLE_GROWTH,3,177.26039123535156,100.0,68.0,45.0,50.0,strong_uptrend,67.82,False,168.84,167.15,194.99,92.0,100.0,51.2,67.0,61.2,74.8,85.0,26.7,50.0,50.0,60.0,6.5431,4.1386,4.4767,2.4045,2.0664,-1.2585
AAPL,2023-06-05,medium_term,BUY_NOW,75.0,medium_high,BULL_RISK_ON,PROFITABLE_GROWTH,3,177.26039123535156,100.0,68.0,45.0,50.0,strong_uptrend,67.82,False,177.26,167.15,194.99,92.0,100.0,51.2,67.0,61.2,74.8,85.0,26.7,50.0,50.0,60.0,5.778,5.5745,6.6747,0.2035,-0.8967,-4.1139
AAPL,2023-06-05,long_term,WATCHLIST_VALUATION_TOO_RICH,62.16,medium,BULL_RISK_ON,PROFITABLE_GROWTH,3,177.26039123535156,100.0,68.0,45.0,50.0,strong_uptrend,67.82,False,168.84,167.15,194.99,92.0,100.0,51.2,67.0,61.2,74.8,85.0,26.7,50.0,50.0,60.0,9.6504,26.999,31.4814,-17.3486,-21.831,-8.2704
AAPL,2023-06-12,short_term,BUY_NOW_MOMENTUM,70.63,medium_high,BULL_RISK_ON,PROFITABLE_GROWTH,3,181.41603088378906,95.0,68.0,45.0,50.0,strong_uptrend,71.98,False,175.03,173.28,182.56,92.0,100.0,38.8,55.0,61.2,74.8,85.0,26.7,50.0,50.0,60.0,3.2537,3.1989,3.5622,0.0548,-0.3085,-0.9631
AAPL,2023-06-12,medium_term,BUY_NOW,73.12,medium_high,BULL_RISK_ON,PROFITABLE_GROWTH,3,181.41603088378906,95.0,68.0,45.0,50.0,strong_uptrend,71.98,False,181.42,173.28,182.56,92.0,100.0,38.8,55.0,61.2,74.8,85.0,26.7,50.0,50.0,60.0,-3.9458,3.1919,3.5539,-7.1377,-7.4997,-6.3104
AAPL,2023-06-12,long_term,WATCHLIST_VALUATION_TOO_RICH,62.16,medium,BULL_RISK_ON,PROFITABLE_GROWTH,3,181.41603088378906,95.0,68.0,45.0,50.0,strong_uptrend,71.98,False,175.03,173.28,182.56,92.0,100.0,38.8,55.0,61.2,74.8,85.0,26.7,50.0,50.0,60.0,16.5469,26.602,32.4082,-10.0551,-15.8613,-10.3716
AAPL,2023-06-19,short_term,BUY_NOW_MOMENTUM,71.72,medium_high,BULL_RISK_ON,PROFITABLE_GROWTH,3,182.5314178466797,100.0,68.0,45.0,50.0,strong_uptrend,70.04,False,179.67,177.87,182.56,92.0,100.0,43.8,55.0,61.2,74.8,85.0,26.7,50.0,50.0,60.0,4.7642,3.8909,5.1349,0.8733,-0.3707,-1.26
AAPL,2023-06-19,medium_term,BUY_NOW,73.12,medium_high,BULL_RISK_ON,PROFITABLE_GROWTH,3,182.5314178466797,100.0,68.0,45.0,50.0,strong_uptrend,70.04,False,182.53,177.87,182.56,92.0,100.0,43.8,55.0,61.2,74.8,85.0,26.7,50.0,50.0,60.0,-3.6284,1.8333,1.171,-5.4617,-4.7994,-6.8829
AAPL,2023-06-19,long_term,WATCHLIST_VALUATION_TOO_RICH,62.16,medium,BULL_RISK_ON,PROFITABLE_GROWTH,3,182.5314178466797,100.0,68.0,45.0,50.0,strong_uptrend,70.04,False,179.67,177.87,182.56,92.0,100.0,43.8,55.0,61.2,74.8,85.0,26.7,50.0,50.0,60.0,16.498,26.8067,32.9472,-10.3087,-16.4492,-10.9193
AAPL,2023-06-26,short_term,BUY_NOW_MOMENTUM,77.11,medium_high,BULL_RISK_ON,PROFITABLE_GROWTH,3,182.8769073486328,100.0,68.0,45.0,50.0,strong_uptrend,64.73,False,179.95,178.15,184.57,100.0,100.0,68.8,40.0,69.4,75.8,85.0,26.7,50.0,50.0,60.0,4.5069,5.5628,5.8991,-1.0559,-1.3922,0.2159
AAPL,2023-06-26,medium_term,BUY_STARTER,70.93,medium_high,BULL_RISK_ON,PROFITABLE_GROWTH,3,182.8769073486328,100.0,68.0,45.0,50.0,strong_uptrend,64.73,False,182.88,178.15,184.57,100.0,100.0,68.8,40.0,69.4,75.8,85.0,26.7,50.0,50.0,60.0,-4.832,0.5365,0.6851,-5.3685,-5.5171,-7.0588
AAPL,2023-06-26,long_term,WATCHLIST_VALUATION_TOO_RICH,62.98,medium,BULL_RISK_ON,PROFITABLE_GROWTH,3,182.8769073486328,100.0,68.0,45.0,50.0,strong_uptrend,64.73,False,179.95,178.15,184.57,100.0,100.0,68.8,40.0,69.4,75.8,85.0,26.7,50.0,50.0,60.0,15.7136,28.2079,35.2285,-12.4943,-19.5149,-11.0876
AAPL,2023-07-03,short_term,BUY_NOW_MOMENTUM,75.59,medium_high,BULL_RISK_ON,PROFITABLE_GROWTH,3,189.97402954101562,85.0,68.0,45.0,50.0,strong_uptrend,72.26,False,179.95,178.15,191.97,92.0,100.0,38.8,73.0,69.4,75.8,85.0,26.7,50.0,50.0,60.0,1.6367,2.8595,3.3757,-1.2228,-1.739,-3.0448
AAPL,2023-07-03,medium_term,BUY_NOW,76.09,medium_high,BULL_RISK_ON,PROFITABLE_GROWTH,3,189.97402954101562,85.0,68.0,45.0,50.0,strong_uptrend,72.26,False,189.97,178.15,191.97,92.0,100.0,38.8,73.0,69.4,75.8,85.0,26.7,50.0,50.0,60.0,-9.5996,-3.3738,-2.2974,-6.2258,-7.3022,-12.789
AAPL,2023-07-03,long_term,WATCHLIST_VALUATION_TOO_RICH,62.58,medium,BULL_RISK_ON,PROFITABLE_GROWTH,3,189.97402954101562,85.0,68.0,45.0,50.0,strong_uptrend,72.26,False,179.95,178.15,191.97,92.0,100.0,38.8,73.0,69.4,75.8,85.0,26.7,50.0,50.0,60.0,15.7262,25.9996,33.5247,-10.2734,-17.7985,-14.4092
AAPL,2023-07-10,short_term,BUY_NOW_MOMENTUM,76.83,medium_high,BULL_RISK_ON,PROFITABLE_GROWTH,3,186.17376708984375,100.0,68.0,45.0,40.0,strong_uptrend,58.64,False,179.95,178.15,191.07,80.0,100.0,70.0,65.0,69.4,75.8,85.0,26.7,50.0,50.0,55.0,-5.1747,2.5133,2.4102,-7.688,-7.5849,-5.97
AAPL,2023-07-10,medium_term,BUY_NOW,74.32,medium_high,BULL_RISK_ON,PROFITABLE_GROWTH,3,186.17376708984375,100.0,68.0,45.0,40.0,strong_uptrend,58.64,False,186.17,178.15,191.07,80.0,100.0,70.0,65.0,69.4,75.8,85.0,26.7,50.0,50.0,55.0,-5.7687,-1.9572,-0.309,-3.8115,-5.4597,-11.0088
AAPL,2023-07-10,long_term,WATCHLIST_VALUATION_TOO_RICH,61.48,medium,BULL_RISK_ON,PROFITABLE_GROWTH,3,186.17376708984375,100.0,68.0,45.0,40.0,strong_uptrend,58.64,False,179.95,178.15,191.07,80.0,100.0,70.0,65.0,69.4,75.8,85.0,26.7,50.0,50.0,55.0,24.1807,29.4572,38.2332,-5.2765,-14.0525,-12.6621
AAPL,2023-07-17,short_term,BUY_NOW_MOMENTUM,75.41,medium_high,BULL_RISK_ON,PROFITABLE_GROWTH,3,191.48426818847656,100.0,68.0,45.0,40.0,strong_uptrend,68.76,False,186.97,185.1,191.97,92.0,100.0,51.2,63.0,69.4,74.8,85.0,26.7,50.0,50.0,55.0,-7.3652,-0.6055,-3.2043,-6.7597,-4.1609,-8.8673
AAPL,2023-07-17,medium_term,BUY_NOW,73.85,medium_high,BULL_RISK_ON,PROFITABLE_GROWTH,3,191.48426818847656,100.0,68.0,45.0,40.0,strong_uptrend,68.76,False,191.48,185.1,191.97,92.0,100.0,51.2,63.0,69.4,74.8,85.0,26.7,50.0,50.0,55.0,-7.68,-3.9522,-4.3912,-3.7278,-3.2888,-13.4768
AAPL,2023-07-17,long_term,WATCHLIST_VALUATION_TOO_RICH,62.08,medium,BULL_RISK_ON,PROFITABLE_GROWTH,3,191.48426818847656,100.0,68.0,45.0,40.0,strong_uptrend,68.76,False,186.97,185.1,191.97,92.0,100.0,51.2,63.0,69.4,74.8,85.0,26.7,50.0,50.0,55.0,18.6121,25.2618,26.7857,-6.6497,-8.1736,-15.0843
AAPL,2023-07-24,short_term,BUY_NOW_MOMENTUM,77.14,medium_high,BULL_RISK_ON,PROFITABLE_GROWTH,3,190.2602996826172,100.0,68.0,45.0,40.0,strong_uptrend,60.94,False,187.865,185.99,191.97,90.0,100.0,72.5,65.0,61.2,63.2,85.0,26.7,50.0,50.0,55.0,-8.6498,-3.2717,-3.2773,-5.3781,-5.3725,-10.6655
AAPL,2023-07-24,medium_term,BUY_NOW,72.35,medium_high,BULL_RISK_ON,PROFITABLE_GROWTH,3,190.2602996826172,100.0,68.0,45.0,40.0,strong_uptrend,60.94,False,190.26,185.99,191.97,90.0,100.0,72.5,65.0,61.2,63.2,85.0,26.7,50.0,50.0,55.0,-10.1876,-6.9406,-5.6127,-3.247,-4.5749,-12.9202
AAPL,2023-07-24,long_term,WATCHLIST_VALUATION_TOO_RICH,61.56,medium,BULL_RISK_ON,PROFITABLE_GROWTH,3,190.2602996826172,100.0,68.0,45.0,40.0,strong_uptrend,60.94,False,187.865,185.99,191.97,90.0,100.0,72.5,65.0,61.2,63.2,85.0,26.7,50.0,50.0,55.0,13.9821,20.8279,24.014,-6.8458,-10.0319,-14.538
AAPL,2023-07-31,short_term,BUY_NOW_MOMENTUM,71.35,medium_high,BULL_RISK_ON,PROFITABLE_GROWTH,3,193.91249084472656,100.0,68.0,45.0,40.0,strong_uptrend,66.61,False,190.06,188.16,195.16,92.0,100.0,51.2,53.0,69.4,63.2,85.0,26.7,50.0,50.0,55.0,-8.153,-3.2832,-4.4099,-4.8698,-3.7431,-12.3481
AAPL,2023-07-31,medium_term,BUY_STARTER,70.47,medium_high,BULL_RISK_ON,PROFITABLE_GROWTH,3,193.91249084472656,100.0,68.0,45.0,40.0,strong_uptrend,66.61,False,193.91,188.16,195.16,92.0,100.0,51.2,53.0,69.4,63.2,85.0,26.7,50.0,50.0,55.0,-14.2544,-9.9743,-9.8702,-4.2801,-4.3842,-15.5542
AAPL,2023-07-31,long_term,WATCHLIST_VALUATION_TOO_RICH,62.08,medium,BULL_RISK_ON,PROFITABLE_GROWTH,3,193.91249084472656,100.0,68.0,45.0,40.0,strong_uptrend,66.61,False,190.06,188.16,195.16,92.0,100.0,51.2,53.0,69.4,63.2,85.0,26.7,50.0,50.0,55.0,13.6469,22.0023,23.6241,-8.3554,-9.9772,-16.1476
AAPL,2023-08-07,short_term,AVOID_BAD_CHART,39.49,low,BULL_RISK_ON,PROFITABLE_GROWTH,3,176.5398406982422,50.0,68.0,45.0,50.0,weak_uptrend,29.57,False,175.03,173.28,178.87,35.0,60.0,38.8,23.0,48.2,29.8,85.0,26.7,50.0,50.0,60.0,6.2098,-0.3261,0.7676,6.5359,5.4422,-3.7226
AAPL,2023-08-07,medium_term,WATCHLIST_NEEDS_CONFIRMATION,52.74,medium,BULL_RISK_ON,PROFITABLE_GROWTH,3,176.5398406982422,50.0,68.0,45.0,50.0,weak_uptrend,29.57,False,175.03,173.28,178.87,35.0,60.0,38.8,23.0,48.2,29.8,85.0,26.7,50.0,50.0,60.0,-1.0967,-3.2142,-1.8518,2.1175,0.7551,-7.2442
AAPL,2023-08-07,long_term,WATCHLIST_VALUATION_TOO_RICH,54.66,medium,BULL_RISK_ON,PROFITABLE_GROWTH,3,176.5398406982422,50.0,68.0,45.0,50.0,weak_uptrend,29.57,False,175.03,173.28,178.87,35.0,60.0,38.8,23.0,48.2,29.8,85.0,26.7,50.0,50.0,60.0,17.9392,16.6858,16.6797,1.2534,1.2595,-7.896
AAPL,2023-08-14,short_term,AVOID_BAD_CHART,36.1,low,BULL_RISK_ON,PROFITABLE_GROWTH,3,177.38116455078125,40.0,68.0,45.0,50.0,weak_uptrend,34.96,False,174.94,173.19,178.73,30.0,60.0,37.5,11.0,48.2,35.0,85.0,26.7,50.0,50.0,60.0,-1.7608,-0.4731,0.6588,-1.2877,-2.4196,-4.1792
AAPL,2023-08-14,medium_term,WATCHLIST_NEEDS_CONFIRMATION,51.68,medium,BULL_RISK_ON,PROFITABLE_GROWTH,3,177.38116455078125,40.0,68.0,45.0,50.0,weak_uptrend,34.96,False,174.94,173.19,178.73,30.0,60.0,37.5,11.0,48.2,35.0,85.0,26.7,50.0,50.0,60.0,4.004,-1.3269,2.3188,5.3309,1.6852,-7.6842
AAPL,2023-08-14,long_term,WATCHLIST_VALUATION_TOO_RICH,54.41,medium,BULL_RISK_ON,PROFITABLE_GROWTH,3,177.38116455078125,40.0,68.0,45.0,50.0,weak_uptrend,34.96,False,174.94,173.19,178.73,30.0,60.0,37.5,11.0,48.2,35.0,85.0,26.7,50.0,50.0,60.0,24.1806,23.0402,25.8062,1.1404,-1.6256,-8.3329
AAPL,2023-08-21,short_term,AVOID_BAD_CHART,32.45,low,SIDEWAYS_CHOPPY,PROFITABLE_GROWTH,3,173.8031005859375,40.0,68.0,45.0,50.0,weak_uptrend,33.32,False,169.405,167.71,178.49,20.0,45.0,37.5,28.0,38.8,29.8,85.0,26.7,50.0,50.0,60.0,1.8369,1.1225,1.7877,0.7144,0.0492,-1.308
AAPL,2023-08-21,medium_term,WATCHLIST_NEEDS_CONFIRMATION,48.34,low,SIDEWAYS_CHOPPY,PROFITABLE_GROWTH,3,173.8031005859375,40.0,68.0,45.0,50.0,weak_uptrend,33.32,False,169.405,167.71,178.49,20.0,45.0,37.5,28.0,38.8,29.8,85.0,26.7,50.0,50.0,60.0,8.0186,2.9681,6.2377,5.0505,1.7809,-5.7837
AAPL,2023-08-21,long_term,WATCHLIST_VALUATION_TOO_RICH,51.95,medium,SIDEWAYS_CHOPPY,PROFITABLE_GROWTH,3,173.8031005859375,40.0,68.0,45.0,50.0,weak_uptrend,33.32,False,169.405,167.71,178.49,20.0,45.0,37.5,28.0,38.8,29.8,85.0,26.7,50.0,50.0,60.0,29.4123,29.3899,33.5064,0.0224,-4.0941,-6.4457
AAPL,2023-08-28,short_term,WATCHLIST,53.7,medium,SIDEWAYS_CHOPPY,PROFITABLE_GROWTH,3,178.10272216796875,45.0,68.0,45.0,50.0,weak_uptrend,47.3,False,174.895,173.15,178.97,60.0,60.0,68.8,38.0,45.9,45.0,85.0,26.7,50.0,50.0,60.0,-4.5674,-3.4732,-3.2821,-1.0942,-1.2853,-4.7339
AAPL,2023-08-28,medium_term,WATCHLIST_NEEDS_CONFIRMATION,55.12,medium,SIDEWAYS_CHOPPY,PROFITABLE_GROWTH,3,178.10272216796875,45.0,68.0,45.0,50.0,weak_uptrend,47.3,False,174.895,173.15,178.97,60.0,60.0,68.8,38.0,45.9,45.0,85.0,26.7,50.0,50.0,60.0,5.4664,3.0091,6.2639,2.4573,-0.7975,-8.0582
AAPL,2023-08-28,long_term,WATCHLIST_VALUATION_TOO_RICH,55.8,medium,SIDEWAYS_CHOPPY,PROFITABLE_GROWTH,3,178.10272216796875,45.0,68.0,45.0,50.0,weak_uptrend,47.3,False,174.895,173.15,178.97,60.0,60.0,68.8,38.0,45.9,45.0,85.0,26.7,50.0,50.0,60.0,26.3383,27.8592,29.4042,-1.5209,-3.0659,-8.7043
AAPL,2023-09-04,short_term,BUY_NOW_MOMENTUM,70.71,medium_high,BULL_RISK_ON,PROFITABLE_GROWTH,3,187.2653350830078,75.0,68.0,45.0,50.0,strong_uptrend,62.12,False,184.19,182.35,189.7,70.0,90.0,63.7,73.0,50.6,61.8,85.0,26.7,50.0,50.0,60.0,-8.292,-4.5461,-4.3079,-3.7459,-3.9841,-11.5275
AAPL,2023-09-04,medium_term,BUY_STARTER,71.82,medium_high,BULL_RISK_ON,PROFITABLE_GROWTH,3,187.2653350830078,75.0,68.0,45.0,50.0,strong_uptrend,62.12,False,187.27,182.35,189.7,70.0,90.0,63.7,73.0,50.6,61.8,85.0,26.7,50.0,50.0,60.0,1.0725,2.5553,3.2889,-1.4828,-2.2164,-12.5568
AAPL,2023-09-04,long_term,WATCHLIST_VALUATION_TOO_RICH,59.53,medium,BULL_RISK_ON,PROFITABLE_GROWTH,3,187.2653350830078,75.0,68.0,45.0,50.0,strong_uptrend,62.12,False,184.19,182.35,189.7,70.0,90.0,63.7,73.0,50.6,61.8,85.0,26.7,50.0,50.0,60.0,17.1646,24.3559,22.6727,-7.1913,-5.5081,-13.1712
AAPL,2023-09-11,short_term,WAIT_FOR_PULLBACK,55.79,medium,BULL_RISK_ON,PROFITABLE_GROWTH,3,177.28233337402344,45.0,68.0,45.0,50.0,weak_uptrend,44.68,False,174.895,173.15,178.97,23.0,50.0,55.0,85.0,45.9,47.2,85.0,26.7,50.0,50.0,60.0,-0.2063,-3.2635,-2.6207,3.0572,2.4144,-6.5455
AAPL,2023-09-11,medium_term,BUY_STARTER,63.07,medium,BULL_RISK_ON,PROFITABLE_GROWTH,3,177.28233337402344,45.0,68.0,45.0,50.0,weak_uptrend,44.68,False,177.28,173.15,178.97,23.0,50.0,55.0,85.0,45.9,47.2,85.0,26.7,50.0,50.0,60.0,9.2595,2.9821,4.1827,6.2774,5.0768,-7.6327
AAPL,2023-09-11,long_term,WATCHLIST_VALUATION_TOO_RICH,52.95,medium,BULL_RISK_ON,PROFITABLE_GROWTH,3,177.28233337402344,45.0,68.0,45.0,50.0,weak_uptrend,44.68,False,174.895,173.15,178.97,23.0,50.0,55.0,85.0,45.9,47.2,85.0,26.7,50.0,50.0,60.0,24.7766,25.3595,25.1702,-0.5829,-0.3936,-8.2818
AAPL,2023-09-18,short_term,WAIT_FOR_PULLBACK,55.4,medium,SIDEWAYS_CHOPPY,PROFITABLE_GROWTH,3,175.90841674804688,45.0,68.0,45.0,50.0,weak_uptrend,45.65,False,174.895,173.15,179.0,45.0,40.0,68.8,60.0,45.9,52.0,85.0,26.7,50.0,50.0,60.0,0.4214,-1.7109,-0.3372,2.1323,0.7586,-5.8156
AAPL,2023-09-18,medium_term,WATCHLIST_NEEDS_CONFIRMATION,55.47,medium,SIDEWAYS_CHOPPY,PROFITABLE_GROWTH,3,175.90841674804688,45.0,68.0,45.0,50.0,weak_uptrend,45.65,False,174.895,173.15,179.0,45.0,40.0,68.8,60.0,45.9,52.0,85.0,26.7,50.0,50.0,60.0,11.1593,6.2221,9.3563,4.9372,1.803,-6.9113
AAPL,2023-09-18,long_term,WATCHLIST_VALUATION_TOO_RICH,53.05,medium,SIDEWAYS_CHOPPY,PROFITABLE_GROWTH,3,175.90841674804688,45.0,68.0,45.0,50.0,weak_uptrend,45.65,False,174.895,173.15,179.0,45.0,40.0,68.8,60.0,45.9,52.0,85.0,26.7,50.0,50.0,60.0,24.6386,27.866,27.882,-3.2274,-3.2434,-7.5654
AAPL,2023-09-25,short_term,AVOID_BAD_CHART,34.54,low,SIDEWAYS_CHOPPY,PROFITABLE_GROWTH,3,174.0403289794922,45.0,68.0,45.0,50.0,weak_uptrend,44.44,False,171.7,169.98,174.57,8.0,40.0,57.5,26.0,45.9,35.0,85.0,26.7,50.0,50.0,60.0,-1.7492,-2.7231,-1.0956,0.9739,-0.6536,-4.8046
AAPL,2023-09-25,medium_term,WATCHLIST_NEEDS_CONFIRMATION,47.82,low,SIDEWAYS_CHOPPY,PROFITABLE_GROWTH,3,174.0403289794922,45.0,68.0,45.0,50.0,weak_uptrend,44.44,False,171.7,169.98,174.57,8.0,40.0,57.5,26.0,45.9,35.0,85.0,26.7,50.0,50.0,60.0,10.0949,10.0271,13.7887,0.0678,-3.6938,-5.9121
AAPL,2023-09-25,long_term,WATCHLIST_VALUATION_TOO_RICH,51.2,medium,SIDEWAYS_CHOPPY,PROFITABLE_GROWTH,3,174.0403289794922,45.0,68.0,45.0,50.0,weak_uptrend,44.44,False,171.7,169.98,174.57,8.0,40.0,57.5,26.0,45.9,35.0,85.0,26.7,50.0,50.0,60.0,29.2187,33.6669,36.0229,-4.4482,-6.8042,-6.5733
AAPL,2023-10-02,short_term,AVOID_BAD_CHART,35.07,low,SIDEWAYS_CHOPPY,PROFITABLE_GROWTH,3,171.7373046875,45.0,68.0,45.0,50.0,weak_uptrend,44.07,False,171.7,169.98,171.96,18.0,40.0,60.0,21.0,45.9,25.2,85.0,26.7,50.0,50.0,60.0,-1.9914,-2.7427,-3.3383,0.7513,1.3469,-4.6504
AAPL,2023-10-02,medium_term,WATCHLIST_NEEDS_CONFIRMATION,45.6,low,SIDEWAYS_CHOPPY,PROFITABLE_GROWTH,3,171.7373046875,45.0,68.0,45.0,50.0,weak_uptrend,44.07,False,171.7,169.98,171.96,18.0,40.0,60.0,21.0,45.9,25.2,85.0,26.7,50.0,50.0,60.0,6.9839,11.059,11.7218,-4.0751,-4.7379,-4.6504
AAPL,2023-10-02,long_term,WATCHLIST_VALUATION_TOO_RICH,51.7,medium,SIDEWAYS_CHOPPY,PROFITABLE_GROWTH,3,171.7373046875,45.0,68.0,45.0,50.0,weak_uptrend,44.07,False,171.7,169.98,171.96,18.0,40.0,60.0,21.0,45.9,25.2,85.0,26.7,50.0,50.0,60.0,31.1887,34.9261,34.3231,-3.7374,-3.1344,-5.3204
AAPL,2023-10-09,short_term,WAIT_FOR_PULLBACK,59.08,medium,SIDEWAYS_CHOPPY,PROFITABLE_GROWTH,3,176.91659545898438,50.0,68.0,45.0,40.0,weak_uptrend,55.37,False,174.895,173.15,179.01,65.0,55.0,63.7,61.0,45.9,52.0,85.0,26.7,50.0,50.0,55.0,0.1341,0.7865,0.7229,-0.6524,-0.5888,-7.4418
AAPL,2023-10-09,medium_term,WATCHLIST_NEEDS_CONFIRMATION,58.12,medium,SIDEWAYS_CHOPPY,PROFITABLE_GROWTH,3,176.91659545898438,50.0,68.0,45.0,40.0,weak_uptrend,55.37,False,174.895,173.15,179.01,65.0,55.0,63.7,61.0,45.9,52.0,85.0,26.7,50.0,50.0,55.0,3.5722,10.0653,10.9707,-6.4931,-7.3985,-7.4418
AAPL,2023-10-09,long_term,WATCHLIST_VALUATION_TOO_RICH,55.05,medium,SIDEWAYS_CHOPPY,PROFITABLE_GROWTH,3,176.91659545898438,50.0,68.0,45.0,40.0,weak_uptrend,55.37,False,174.895,173.15,179.01,65.0,55.0,63.7,61.0,45.9,52.0,85.0,26.7,50.0,50.0,55.0,28.898,35.313,35.4573,-6.415,-6.5593,-8.0922
AAPL,2023-10-16,short_term,WAIT_FOR_PULLBACK,56.76,medium,SIDEWAYS_CHOPPY,PROFITABLE_GROWTH,3,176.64971923828125,70.0,68.0,45.0,40.0,strong_uptrend,53.45,False,175.2175,173.47,179.62,55.0,75.0,66.2,68.0,45.9,40.5,85.0,26.7,50.0,50.0,55.0,3.5382,0.9517,2.1115,2.5865,1.4267,-7.3019
AAPL,2023-10-16,medium_term,BUY_STARTER,61.45,medium,SIDEWAYS_CHOPPY,PROFITABLE_GROWTH,3,176.64971923828125,70.0,68.0,45.0,40.0,strong_uptrend,53.45,False,176.65,173.47,179.62,55.0,75.0,66.2,68.0,45.9,40.5,85.0,26.7,50.0,50.0,55.0,2.3504,8.7526,10.5108,-6.4022,-8.1604,-7.3019
AAPL,2023-10-16,long_term,WATCHLIST_VALUATION_TOO_RICH,56.55,medium,SIDEWAYS_CHOPPY,PROFITABLE_GROWTH,3,176.64971923828125,70.0,68.0,45.0,40.0,strong_uptrend,53.45,False,175.2175,173.47,179.62,55.0,75.0,66.2,68.0,45.9,40.5,85.0,26.7,50.0,50.0,55.0,30.3525,35.3486,33.8017,-4.9961,-3.4492,-7.9533
AAPL,2023-10-23,short_term,AVOID_BAD_CHART,36.27,low,SIDEWAYS_CHOPPY,PROFITABLE_GROWTH,3,170.99598693847656,45.0,68.0,45.0,40.0,weak_uptrend,40.67,False,169.4438,167.75,172.12,8.0,35.0,55.0,47.0,45.9,25.2,85.0,26.7,50.0,50.0,55.0,10.8105,8.0388,9.8603,2.7717,0.9502,-4.237
AAPL,2023-10-23,medium_term,WATCHLIST_NEEDS_CONFIRMATION,48.0,low,SIDEWAYS_CHOPPY,PROFITABLE_GROWTH,3,170.99598693847656,45.0,68.0,45.0,40.0,weak_uptrend,40.67,False,169.4438,167.75,172.12,8.0,35.0,55.0,47.0,45.9,25.2,85.0,26.7,50.0,50.0,55.0,12.5759,15.9107,20.0284,-3.3348,-7.4525,-4.237
AAPL,2023-10-23,long_term,WATCHLIST_VALUATION_TOO_RICH,50.2,medium,SIDEWAYS_CHOPPY,PROFITABLE_GROWTH,3,170.99598693847656,45.0,68.0,45.0,40.0,weak_uptrend,40.67,False,169.4438,167.75,172.12,8.0,35.0,55.0,47.0,45.9,25.2,85.0,26.7,50.0,50.0,55.0,34.0698,39.325,38.2487,-5.2552,-4.1789,-4.9099
AAPL,2023-10-30,short_term,AVOID_BAD_CHART,35.08,low,SIDEWAYS_CHOPPY,PROFITABLE_GROWTH,3,168.3173828125,20.0,68.0,45.0,40.0,downtrend,40.31,False,165.68,164.02,172.12,8.0,20.0,53.8,40.0,45.9,28.2,85.0,26.7,50.0,50.0,55.0,11.9566,9.4661,11.7383,2.4905,0.2183,-1.4035
AAPL,2023-10-30,medium_term,AVOID_BAD_BUSINESS,44.4,low,SIDEWAYS_CHOPPY,PROFITABLE_GROWTH,3,168.3173828125,20.0,68.0,45.0,40.0,downtrend,40.31,False,165.68,164.02,172.12,8.0,20.0,53.8,40.0,45.9,28.2,85.0,26.7,50.0,50.0,55.0,8.4285,16.6625,19.7086,-8.234,-11.2801,-1.4035
AAPL,2023-10-30,long_term,WATCHLIST_VALUATION_TOO_RICH,48.7,low,SIDEWAYS_CHOPPY,PROFITABLE_GROWTH,3,168.3173828125,20.0,68.0,45.0,40.0,downtrend,40.31,False,165.68,164.02,172.12,8.0,20.0,53.8,40.0,45.9,28.2,85.0,26.7,50.0,50.0,55.0,35.8139,41.4503,43.1227,-5.6364,-7.3088,-3.3967
AAPL,2023-11-06,short_term,BUY_NOW_MOMENTUM,70.44,medium_high,BULL_RISK_ON,PROFITABLE_GROWTH,3,177.15383911132812,70.0,68.0,45.0,50.0,strong_uptrend,59.17,False,175.1933,173.44,179.62,65.0,75.0,68.8,80.0,45.9,55.5,85.0,26.7,50.0,50.0,60.0,8.0594,4.7993,4.8969,3.2601,3.1625,-0.1451
AAPL,2023-11-06,medium_term,BUY_STARTER,68.8,medium_high,BULL_RISK_ON,PROFITABLE_GROWTH,3,177.15383911132812,70.0,68.0,45.0,50.0,strong_uptrend,59.17,False,177.15,173.44,179.62,65.0,75.0,68.8,80.0,45.9,55.5,85.0,26.7,50.0,50.0,60.0,5.8191,14.7879,17.2992,-8.9688,-11.4801,-0.1451
AAPL,2023-11-06,long_term,WATCHLIST_VALUATION_TOO_RICH,57.55,medium,BULL_RISK_ON,PROFITABLE_GROWTH,3,177.15383911132812,70.0,68.0,45.0,50.0,strong_uptrend,59.17,False,175.1933,173.44,179.62,65.0,75.0,68.8,80.0,45.9,55.5,85.0,26.7,50.0,50.0,60.0,24.9008,37.4905,37.8748,-12.5897,-12.974,-8.2153
AAPL,2023-11-13,short_term,BUY_NOW_MOMENTUM,74.73,medium_high,BULL_RISK_ON,PROFITABLE_GROWTH,3,182.89996337890625,100.0,68.0,45.0,50.0,strong_uptrend,65.07,False,179.95,178.15,184.61,87.8,80.0,51.2,81.0,45.9,66.0,85.0,26.7,50.0,50.0,60.0,5.3625,5.4317,5.6891,-0.0692,-0.3266,0.8117
AAPL,2023-11-13,medium_term,BUY_STARTER,71.64,medium_high,BULL_RISK_ON,PROFITABLE_GROWTH,3,182.89996337890625,100.0,68.0,45.0,50.0,strong_uptrend,65.07,False,182.9,178.15,184.61,87.8,80.0,51.2,81.0,45.9,66.0,85.0,26.7,50.0,50.0,60.0,-0.2246,13.7217,15.1384,-13.9463,-15.363,-3.0033
AAPL,2023-11-13,long_term,WATCHLIST_VALUATION_TOO_RICH,59.19,medium,BULL_RISK_ON,PROFITABLE_GROWTH,3,182.89996337890625,100.0,68.0,45.0,50.0,strong_uptrend,65.07,False,179.95,178.15,184.61,87.8,80.0,51.2,81.0,45.9,66.0,85.0,26.7,50.0,50.0,60.0,22.415,37.5009,36.7311,-15.0859,-14.3161,-11.0988
AAPL,2023-11-20,short_term,BUY_NOW_MOMENTUM,72.25,medium_high,BULL_RISK_ON,PROFITABLE_GROWTH,3,189.4815673828125,95.0,68.0,45.0,50.0,strong_uptrend,73.31,False,187.8487,185.97,189.49,92.0,95.0,38.8,73.0,50.6,67.8,85.0,26.7,50.0,50.0,60.0,2.8676,4.9543,4.9233,-2.0867,-2.0557,-2.0893
AAPL,2023-11-20,medium_term,BUY_NOW,73.8,medium_high,BULL_RISK_ON,PROFITABLE_GROWTH,3,189.4815673828125,95.0,68.0,45.0,50.0,strong_uptrend,73.31,False,189.48,185.97,189.49,92.0,95.0,38.8,73.0,50.6,67.8,85.0,26.7,50.0,50.0,60.0,-3.5752,12.1731,12.3959,-15.7483,-15.9711,-6.3724
AAPL,2023-11-20,long_term,WATCHLIST_VALUATION_TOO_RICH,61.13,medium,BULL_RISK_ON,PROFITABLE_GROWTH,3,189.4815673828125,95.0,68.0,45.0,50.0,strong_uptrend,73.31,False,187.8487,185.97,189.49,92.0,95.0,38.8,73.0,50.6,67.8,85.0,26.7,50.0,50.0,60.0,20.1995,31.7494,29.6568,-11.5499,-9.4573,-14.1868
AAPL,2023-11-27,short_term,BUY_NOW_MOMENTUM,74.86,medium_high,BULL_RISK_ON,PROFITABLE_GROWTH,3,187.83860778808594,100.0,68.0,45.0,50.0,strong_uptrend,66.59,False,184.19,182.35,191.17,92.0,100.0,56.2,67.0,58.8,63.2,85.0,26.7,50.0,50.0,60.0,1.7177,5.0824,5.7894,-3.3647,-4.0717,-1.2329
AAPL,2023-11-27,medium_term,BUY_NOW,73.18,medium_high,BULL_RISK_ON,PROFITABLE_GROWTH,3,187.83860778808594,100.0,68.0,45.0,50.0,strong_uptrend,66.59,False,187.84,182.35,191.17,92.0,100.0,56.2,67.0,58.8,63.2,85.0,26.7,50.0,50.0,60.0,-4.2881,11.8449,12.1281,-16.133,-16.4162,-5.5535
AAPL,2023-11-27,long_term,WATCHLIST_VALUATION_TOO_RICH,62.05,medium,BULL_RISK_ON,PROFITABLE_GROWTH,3,187.83860778808594,100.0,68.0,45.0,50.0,strong_uptrend,66.59,False,184.19,182.35,191.17,92.0,100.0,56.2,67.0,58.8,63.2,85.0,26.7,50.0,50.0,60.0,24.4595,33.9492,31.7684,-9.4897,-7.3089,-13.4362
AAPL,2023-12-04,short_term,WAIT_FOR_PULLBACK,69.66,medium_high,BULL_RISK_ON,PROFITABLE_GROWTH,3,187.48233032226562,100.0,68.0,45.0,50.0,strong_uptrend,61.09,False,184.19,182.35,191.23,60.0,100.0,70.0,63.0,68.2,65.2,85.0,26.7,50.0,50.0,60.0,-2.7345,3.0657,3.3691,-5.8002,-6.1036,-3.1674
AAPL,2023-12-04,medium_term,BUY_NOW,72.87,medium_high,BULL_RISK_ON,PROFITABLE_GROWTH,3,187.48233032226562,100.0,68.0,45.0,50.0,strong_uptrend,61.09,False,187.48,182.35,191.23,60.0,100.0,70.0,63.0,68.2,65.2,85.0,26.7,50.0,50.0,60.0,-10.6077,12.0709,13.8687,-22.6786,-24.4764,-10.8403
AAPL,2023-12-04,long_term,WATCHLIST_VALUATION_TOO_RICH,60.91,medium,BULL_RISK_ON,PROFITABLE_GROWTH,3,187.48233032226562,100.0,68.0,45.0,50.0,strong_uptrend,61.09,False,184.19,182.35,191.23,60.0,100.0,70.0,63.0,68.2,65.2,85.0,26.7,50.0,50.0,60.0,28.9133,34.8567,36.3763,-5.9434,-7.463,-13.2717
AAPL,2023-12-11,short_term,BUY_NOW_MOMENTUM,85.65,high,BULL_RISK_ON,PROFITABLE_GROWTH,3,191.1937713623047,100.0,68.0,45.0,50.0,strong_uptrend,62.18,False,190.06,188.16,191.23,100.0,100.0,66.2,85.0,60.0,78.0,85.0,26.7,50.0,50.0,60.0,-3.6184,3.572,3.5425,-7.1904,-7.1609,-6.7347
AAPL,2023-12-11,medium_term,BUY_NOW,78.31,medium_high,BULL_RISK_ON,PROFITABLE_GROWTH,3,191.1937713623047,100.0,68.0,45.0,50.0,strong_uptrend,62.18,False,191.19,188.16,191.23,100.0,100.0,66.2,85.0,60.0,78.0,85.0,26.7,50.0,50.0,60.0,-11.3012,12.1371,11.5901,-23.4383,-22.8913,-12.6695
AAPL,2023-12-11,long_term,WATCHLIST_VALUATION_TOO_RICH,62.51,medium,BULL_RISK_ON,PROFITABLE_GROWTH,3,191.1937713623047,100.0,68.0,45.0,50.0,strong_uptrend,62.18,False,190.06,188.16,191.23,100.0,100.0,66.2,85.0,60.0,78.0,85.0,26.7,50.0,50.0,60.0,28.2211,33.2658,34.8995,-5.0447,-6.6784,-14.9553
AAPL,2023-12-18,short_term,BUY_NOW_MOMENTUM,79.87,medium_high,BULL_RISK_ON,PROFITABLE_GROWTH,3,193.8759307861328,100.0,68.0,45.0,50.0,strong_uptrend,62.68,False,189.4079,187.51,195.02,100.0,100.0,68.8,70.0,68.2,53.5,85.0,26.7,50.0,50.0,60.0,-3.7062,0.9577,1.5052,-4.6639,-5.2114,-8.0249
AAPL,2023-12-18,medium_term,BUY_NOW,72.13,medium_high,BULL_RISK_ON,PROFITABLE_GROWTH,3,193.8759307861328,100.0,68.0,45.0,50.0,strong_uptrend,62.68,False,193.88,187.51,195.02,100.0,100.0,68.8,70.0,68.2,53.5,85.0,26.7,50.0,50.0,60.0,-8.6743,10.6208,9.2146,-19.2951,-17.8889,-13.8777
AAPL,2023-12-18,long_term,WATCHLIST_VALUATION_TOO_RICH,62.91,medium,BULL_RISK_ON,PROFITABLE_GROWTH,3,193.8759307861328,100.0,68.0,45.0,50.0,strong_uptrend,62.68,False,189.4079,187.51,195.02,100.0,100.0,68.8,70.0,68.2,53.5,85.0,26.7,50.0,50.0,60.0,27.2475,25.3911,27.4874,1.8564,-0.2399,-16.1318
AAPL,2023-12-25,short_term,WAIT_FOR_PULLBACK,69.92,medium_high,BULL_RISK_ON,PROFITABLE_GROWTH,3,191.60946655273438,100.0,68.0,45.0,50.0,strong_uptrend,54.67,False,189.4079,187.51,195.34,80.0,85.0,70.0,48.0,68.2,53.5,85.0,26.7,50.0,50.0,60.0,0.4649,2.0477,3.693,-1.5828,-3.2281,-6.937
AAPL,2023-12-25,medium_term,BUY_STARTER,65.57,medium_high,BULL_RISK_ON,PROFITABLE_GROWTH,3,191.60946655273438,100.0,68.0,45.0,50.0,strong_uptrend,54.67,False,191.61,187.51,195.34,80.0,85.0,70.0,48.0,68.2,53.5,85.0,26.7,50.0,50.0,60.0,-12.228,9.4128,8.0947,-21.6408,-20.3227,-12.859
AAPL,2023-12-25,long_term,WATCHLIST_VALUATION_TOO_RICH,60.41,medium,BULL_RISK_ON,PROFITABLE_GROWTH,3,191.60946655273438,100.0,68.0,45.0,50.0,strong_uptrend,54.67,False,189.4079,187.51,195.34,80.0,85.0,70.0,48.0,68.2,53.5,85.0,26.7,50.0,50.0,60.0,34.0211,28.0381,29.8165,5.983,4.2046,-15.1398
NVDA,2021-01-04,short_term,WAIT_FOR_PULLBACK,56.52,medium,BULL_RISK_ON,HYPER_GROWTH,3,13.076016426086426,50.0,75.0,45.0,50.0,weak_uptrend,47.91,False,13.0038,12.87,13.22,60.0,35.0,68.8,62.0,38.8,7.0,100.0,6.7,50.0,50.0,60.0,3.3801,3.46,5.939,-0.0799,-2.5589,-4.0226
NVDA,2021-01-04,medium_term,WATCHLIST_NEEDS_CONFIRMATION,51.1,medium,BULL_RISK_ON,HYPER_GROWTH,3,13.076016426086426,50.0,75.0,45.0,50.0,weak_uptrend,47.91,False,13.0038,12.87,13.22,60.0,35.0,68.8,62.0,38.8,7.0,100.0,6.7,50.0,50.0,60.0,5.7405,10.483,7.0893,-4.7425,-1.3488,-11.797
NVDA,2021-01-04,long_term,WATCHLIST_VALUATION_TOO_RICH,52.95,medium,BULL_RISK_ON,HYPER_GROWTH,3,13.076016426086426,50.0,75.0,45.0,50.0,weak_uptrend,47.91,False,13.0038,12.87,13.22,60.0,35.0,68.8,62.0,38.8,7.0,100.0,6.7,50.0,50.0,60.0,129.8952,31.2611,30.4889,98.6341,99.4063,-11.797
NVDA,2021-01-11,short_term,WAIT_FOR_PULLBACK,59.59,medium,BULL_RISK_ON,HYPER_GROWTH,3,13.58256721496582,75.0,75.0,45.0,50.0,strong_uptrend,56.8,False,13.36,13.23,13.69,65.0,80.0,61.3,77.0,31.8,12.2,100.0,6.7,50.0,50.0,60.0,4.7113,3.0526,6.0715,1.6587,-1.3602,-6.0768
NVDA,2021-01-11,medium_term,BUY_STARTER,63.64,medium,BULL_RISK_ON,HYPER_GROWTH,3,13.58256721496582,75.0,75.0,45.0,50.0,strong_uptrend,56.8,False,13.58,13.23,13.69,65.0,80.0,61.3,77.0,31.8,12.2,100.0,6.7,50.0,50.0,60.0,15.1482,9.3803,8.4632,5.7679,6.685,-15.0865
NVDA,2021-01-11,long_term,WATCHLIST_VALUATION_TOO_RICH,57.34,medium,BULL_RISK_ON,HYPER_GROWTH,3,13.58256721496582,75.0,75.0,45.0,50.0,strong_uptrend,56.8,False,13.36,13.23,13.69,65.0,80.0,61.3,77.0,31.8,12.2,100.0,6.7,50.0,50.0,60.0,101.3283,24.565,21.4748,76.7633,79.8535,-15.0865
NVDA,2021-01-18,short_term,AVOID_BAD_CHART,30.59,low,BULL_RISK_ON,HYPER_GROWTH,3,12.822745323181152,45.0,75.0,45.0,50.0,weak_uptrend,43.88,False,12.8,12.67,12.85,8.0,60.0,53.8,26.0,31.8,7.0,100.0,6.7,50.0,50.0,60.0,19.2134,3.6049,6.0459,15.6085,13.1675,-0.5113
NVDA,2021-01-18,medium_term,WATCHLIST_NEEDS_CONFIRMATION,50.69,medium,BULL_RISK_ON,HYPER_GROWTH,3,12.822745323181152,45.0,75.0,45.0,50.0,weak_uptrend,43.88,False,12.8,12.67,12.85,8.0,60.0,53.8,26.0,31.8,7.0,100.0,6.7,50.0,50.0,60.0,19.4996,10.0145,7.2368,9.4851,12.2628,-10.0548
NVDA,2021-01-18,long_term,WATCHLIST_VALUATION_TOO_RICH,52.49,medium,BULL_RISK_ON,HYPER_GROWTH,3,12.822745323181152,45.0,75.0,45.0,50.0,weak_uptrend,43.88,False,12.8,12.67,12.85,8.0,60.0,53.8,26.0,31.8,7.0,100.0,6.7,50.0,50.0,60.0,109.6934,24.3667,20.6791,85.3267,89.0143,-10.0548
NVDA,2021-01-25,short_term,WAIT_FOR_PULLBACK,60.81,medium,BULL_RISK_ON,HYPER_GROWTH,3,13.614225387573242,90.0,75.0,45.0,40.0,strong_uptrend,55.48,False,13.305,13.17,13.69,92.7,75.0,68.8,43.0,31.8,12.2,100.0,6.7,50.0,50.0,55.0,3.5797,0.809,-2.0207,2.7707,5.6004,-6.2952
NVDA,2021-01-25,medium_term,WATCHLIST_NEEDS_CONFIRMATION,56.76,medium,BULL_RISK_ON,HYPER_GROWTH,3,13.614225387573242,90.0,75.0,45.0,40.0,strong_uptrend,55.48,False,13.305,13.17,13.69,92.7,75.0,68.8,43.0,31.8,12.2,100.0,6.7,50.0,50.0,55.0,13.4041,8.9981,4.2521,4.406,9.152,-15.2839
NVDA,2021-01-25,long_term,WATCHLIST_VALUATION_TOO_RICH,57.73,medium,BULL_RISK_ON,HYPER_GROWTH,3,13.614225387573242,90.0,75.0,45.0,40.0,strong_uptrend,55.48,False,13.305,13.17,13.69,92.7,75.0,68.8,43.0,31.8,12.2,100.0,6.7,50.0,50.0,55.0,71.3322,15.9507,8.1961,55.3815,63.1361,-15.2839
NVDA,2021-02-01,short_term,WATCHLIST,53.19,medium,BULL_RISK_ON,HYPER_GROWTH,3,13.199165344238281,65.0,75.0,45.0,40.0,weak_uptrend,49.6,False,12.9965,12.87,13.41,72.6,45.0,68.8,33.0,31.8,12.2,100.0,6.7,50.0,50.0,55.0,1.2786,2.7403,-1.2468,-1.4617,2.5254,-0.1568
NVDA,2021-02-01,medium_term,WATCHLIST_NEEDS_CONFIRMATION,48.95,low,BULL_RISK_ON,HYPER_GROWTH,3,13.199165344238281,65.0,75.0,45.0,40.0,weak_uptrend,49.6,False,12.9965,12.87,13.41,72.6,45.0,68.8,33.0,31.8,12.2,100.0,6.7,50.0,50.0,55.0,12.1241,11.5195,4.4025,0.6046,7.7216,-12.6199
NVDA,2021-02-01,long_term,WATCHLIST_VALUATION_TOO_RICH,53.73,medium,BULL_RISK_ON,HYPER_GROWTH,3,13.199165344238281,65.0,75.0,45.0,40.0,weak_uptrend,49.6,False,12.9965,12.87,13.41,72.6,45.0,68.8,33.0,31.8,12.2,100.0,6.7,50.0,50.0,55.0,85.1431,21.1778,13.1441,63.9653,71.999,-12.6199
NVDA,2021-02-08,short_term,WAIT_FOR_PULLBACK,57.43,medium,BULL_RISK_ON,HYPER_GROWTH,3,14.397480010986328,90.0,75.0,45.0,40.0,strong_uptrend,65.53,False,13.67,13.53,14.66,84.8,90.0,48.8,48.0,43.5,16.8,100.0,6.7,50.0,50.0,55.0,-13.2572,-0.8553,-6.5382,-12.4019,-6.719,-19.8927
NVDA,2021-02-08,medium_term,BUY_STARTER,61.39,medium,BULL_RISK_ON,HYPER_GROWTH,3,14.397480010986328,90.0,75.0,45.0,40.0,strong_uptrend,65.53,False,14.4,13.53,14.66,84.8,90.0,48.8,48.0,43.5,16.8,100.0,6.7,50.0,50.0,55.0,-1.1641,7.3747,-2.221,-8.5388,1.0569,-19.8927
NVDA,2021-02-08,long_term,WATCHLIST_VALUATION_TOO_RICH,59.42,medium,BULL_RISK_ON,HYPER_GROWTH,3,14.397480010986328,90.0,75.0,45.0,40.0,strong_uptrend,65.53,False,13.67,13.53,14.66,84.8,90.0,48.8,48.0,43.5,16.8,100.0,6.7,50.0,50.0,55.0,71.411,16.059,6.9731,55.352,64.4379,-19.8927
NVDA,2021-02-15,short_term,WAIT_FOR_PULLBACK,66.84,medium_high,BULL_RISK_ON,HYPER_GROWTH,3,14.918487548828125,80.0,75.0,45.0,40.0,strong_uptrend,66.11,True,13.67,13.53,16.41,85.6,90.0,48.8,80.0,45.9,29.0,100.0,6.7,50.0,50.0,55.0,-11.8001,1.0476,-4.98,-12.8477,-6.8201,-22.6903
NVDA,2021-02-15,medium_term,BUY_ON_PULLBACK,68.3,medium_high,BULL_RISK_ON,HYPER_GROWTH,3,14.918487548828125,80.0,75.0,45.0,40.0,strong_uptrend,66.11,True,13.67,13.53,16.41,85.6,90.0,48.8,80.0,45.9,29.0,100.0,6.7,50.0,50.0,55.0,-4.7679,6.5369,-2.6041,-11.3048,-2.1638,-22.6903
NVDA,2021-02-15,long_term,WATCHLIST_VALUATION_TOO_RICH,59.58,medium,BULL_RISK_ON,HYPER_GROWTH,3,14.918487548828125,80.0,75.0,45.0,40.0,strong_uptrend,66.11,True,13.67,13.53,16.41,85.6,90.0,48.8,80.0,45.9,29.0,100.0,6.7,50.0,50.0,55.0,60.2133,13.7729,3.9316,46.4404,56.2817,-22.6903
NVDA,2021-02-22,short_term,WAIT_FOR_PULLBACK,61.82,medium,BULL_RISK_ON,HYPER_GROWTH,3,14.314715385437012,90.0,75.0,45.0,40.0,strong_uptrend,53.24,False,13.67,13.53,14.66,74.3,95.0,67.5,65.0,41.2,15.2,100.0,6.7,50.0,50.0,55.0,-8.1148,1.7688,-1.063,-9.8836,-7.0518,-19.4295
NVDA,2021-02-22,medium_term,BUY_STARTER,64.84,medium,BULL_RISK_ON,HYPER_GROWTH,3,14.314715385437012,90.0,75.0,45.0,40.0,strong_uptrend,53.24,False,14.31,13.53,14.66,74.3,95.0,67.5,65.0,41.2,15.2,100.0,6.7,50.0,50.0,55.0,4.4663,7.5625,1.5454,-3.0962,2.9209,-19.4295
NVDA,2021-02-22,long_term,WATCHLIST_VALUATION_TOO_RICH,59.28,medium,BULL_RISK_ON,HYPER_GROWTH,3,14.314715385437012,90.0,75.0,45.0,40.0,strong_uptrend,53.24,False,13.67,13.53,14.66,74.3,95.0,67.5,65.0,41.2,15.2,100.0,6.7,50.0,50.0,55.0,64.8305,13.691,6.4245,51.1395,58.406,-19.4295
NVDA,2021-03-01,short_term,WAIT_FOR_PULLBACK,57.02,medium,BULL_RISK_ON,HYPER_GROWTH,3,13.80218505859375,80.0,75.0,45.0,50.0,strong_uptrend,47.76,False,13.67,13.53,13.93,63.8,75.0,63.7,62.0,31.8,15.2,100.0,6.7,50.0,50.0,60.0,-6.4228,1.9242,-2.2501,-8.347,-4.1727,-16.4376
NVDA,2021-03-01,medium_term,BUY_STARTER,60.73,medium,BULL_RISK_ON,HYPER_GROWTH,3,13.80218505859375,80.0,75.0,45.0,50.0,strong_uptrend,47.76,False,13.8,13.53,13.93,63.8,75.0,63.7,62.0,31.8,15.2,100.0,6.7,50.0,50.0,60.0,17.3992,8.1718,3.3257,9.2274,14.0735,-16.4376
NVDA,2021-03-01,long_term,WATCHLIST_VALUATION_TOO_RICH,56.78,medium,BULL_RISK_ON,HYPER_GROWTH,3,13.80218505859375,80.0,75.0,45.0,50.0,strong_uptrend,47.76,False,13.67,13.53,13.93,63.8,75.0,63.7,62.0,31.8,15.2,100.0,6.7,50.0,50.0,60.0,76.3238,13.5711,7.689,62.7527,68.6348,-16.4376
NVDA,2021-03-08,short_term,AVOID_BAD_CHART,22.13,low,BULL_RISK_ON,HYPER_GROWTH,3,11.560111999511719,15.0,75.0,45.0,50.0,downtrend,30.56,False,10.76,10.65,11.68,0.0,15.0,35.0,27.0,20.0,0.0,100.0,6.7,50.0,50.0,60.0,19.6065,6.7406,10.4347,12.8659,9.1718,4.0555
NVDA,2021-03-08,medium_term,AVOID_BAD_BUSINESS,40.37,low,BULL_RISK_ON,HYPER_GROWTH,3,11.560111999511719,15.0,75.0,45.0,50.0,downtrend,30.56,False,10.76,10.65,11.68,0.0,15.0,35.0,27.0,20.0,0.0,100.0,6.7,50.0,50.0,60.0,52.0288,10.9643,12.3642,41.0645,39.6646,4.0555
NVDA,2021-03-08,long_term,WATCHLIST_VALUATION_TOO_RICH,47.01,low,BULL_RISK_ON,HYPER_GROWTH,3,11.560111999511719,15.0,75.0,45.0,50.0,downtrend,30.56,False,10.76,10.65,11.68,0.0,15.0,35.0,27.0,20.0,0.0,100.0,6.7,50.0,50.0,60.0,84.3684,11.3436,8.8301,73.0248,75.5383,4.0555
NVDA,2021-03-15,short_term,WATCHLIST,49.66,low,BULL_RISK_ON,HYPER_GROWTH,3,13.158084869384766,40.0,75.0,45.0,50.0,weak_uptrend,48.65,False,12.9983,12.87,13.41,60.0,40.0,68.8,27.0,30.6,17.0,100.0,6.7,50.0,50.0,60.0,18.8629,4.4909,6.963,14.372,11.8999,-6.9686
NVDA,2021-03-15,medium_term,WATCHLIST_NEEDS_CONFIRMATION,48.24,low,BULL_RISK_ON,HYPER_GROWTH,3,13.158084869384766,40.0,75.0,45.0,50.0,weak_uptrend,48.65,False,12.9983,12.87,13.41,60.0,40.0,68.8,27.0,30.6,17.0,100.0,6.7,50.0,50.0,60.0,36.6275,7.6292,8.1909,28.9983,28.4366,-6.9686
NVDA,2021-03-15,long_term,WATCHLIST_VALUATION_TOO_RICH,53.03,medium,BULL_RISK_ON,HYPER_GROWTH,3,13.158084869384766,40.0,75.0,45.0,50.0,weak_uptrend,48.65,False,12.9983,12.87,13.41,60.0,40.0,68.8,27.0,30.6,17.0,100.0,6.7,50.0,50.0,60.0,61.8111,6.5964,0.2737,55.2147,61.5374,-6.9686
NVDA,2021-03-22,short_term,WATCHLIST,54.91,medium,BULL_RISK_ON,HYPER_GROWTH,3,13.153098106384277,45.0,75.0,45.0,50.0,weak_uptrend,49.33,False,12.9983,12.87,13.69,40.0,55.0,72.5,68.0,30.6,23.0,100.0,6.7,50.0,50.0,60.0,15.0536,4.9874,5.5867,10.0662,9.4669,-6.9333
NVDA,2021-03-22,medium_term,WATCHLIST_NEEDS_CONFIRMATION,58.71,medium,BULL_RISK_ON,HYPER_GROWTH,3,13.153098106384277,45.0,75.0,45.0,50.0,weak_uptrend,49.33,False,12.9983,12.87,13.69,40.0,55.0,72.5,68.0,30.6,23.0,100.0,6.7,50.0,50.0,60.0,39.778,7.5516,8.2073,32.2264,31.5707,-6.9333
NVDA,2021-03-22,long_term,WATCHLIST_VALUATION_TOO_RICH,53.53,medium,BULL_RISK_ON,HYPER_GROWTH,3,13.153098106384277,45.0,75.0,45.0,50.0,weak_uptrend,49.33,False,12.9983,12.87,13.69,40.0,55.0,72.5,68.0,30.6,23.0,100.0,6.7,50.0,50.0,60.0,102.8831,14.684,10.4037,88.1991,92.4794,-6.9333
NVDA,2021-03-29,short_term,WATCHLIST,46.32,low,BULL_RISK_ON,HYPER_GROWTH,3,12.91569709777832,45.0,75.0,45.0,50.0,weak_uptrend,47.94,False,12.5797,12.45,13.02,30.0,55.0,72.5,53.0,25.9,10.0,100.0,6.7,50.0,50.0,60.0,18.794,5.4929,7.6731,13.3011,11.1209,-1.8786
NVDA,2021-03-29,medium_term,WATCHLIST_NEEDS_CONFIRMATION,54.34,medium,BULL_RISK_ON,HYPER_GROWTH,3,12.91569709777832,45.0,75.0,45.0,50.0,weak_uptrend,47.94,False,12.5797,12.45,13.02,30.0,55.0,72.5,53.0,25.9,10.0,100.0,6.7,50.0,50.0,60.0,54.3806,8.3603,12.0954,46.0203,42.2852,-1.8786
NVDA,2021-03-29,long_term,WATCHLIST_VALUATION_TOO_RICH,52.8,medium,BULL_RISK_ON,HYPER_GROWTH,3,12.91569709777832,45.0,75.0,45.0,50.0,weak_uptrend,47.94,False,12.5797,12.45,13.02,30.0,55.0,72.5,53.0,25.9,10.0,100.0,6.7,50.0,50.0,60.0,118.089,16.7087,16.0642,101.3803,102.0248,-1.8786
NVDA,2021-04-05,short_term,WAIT_FOR_PULLBACK,69.79,medium_high,BULL_RISK_ON,HYPER_GROWTH,3,13.9523344039917,70.0,75.0,45.0,50.0,strong_uptrend,59.75,False,13.67,13.53,14.09,85.0,90.0,63.7,81.0,30.6,33.8,100.0,6.7,50.0,50.0,60.0,6.0715,2.9137,1.5526,3.1578,4.5189,-1.9732
NVDA,2021-04-05,medium_term,BUY_STARTER,69.73,medium_high,BULL_RISK_ON,HYPER_GROWTH,3,13.9523344039917,70.0,75.0,45.0,50.0,strong_uptrend,59.75,False,13.95,13.53,14.09,85.0,90.0,63.7,81.0,30.6,33.8,100.0,6.7,50.0,50.0,60.0,46.5001,7.0821,8.4597,39.418,38.0404,-3.7784
NVDA,2021-04-05,long_term,WATCHLIST_VALUATION_TOO_RICH,59.28,medium,BULL_RISK_ON,HYPER_GROWTH,3,13.9523344039917,70.0,75.0,45.0,50.0,strong_uptrend,59.75,False,13.67,13.53,14.09,85.0,90.0,63.7,81.0,30.6,33.8,100.0,6.7,50.0,50.0,60.0,91.1039,12.9246,9.8274,78.1793,81.2765,-3.7784
NVDA,2021-04-12,short_term,WAIT_FOR_PULLBACK,69.65,medium_high,BULL_RISK_ON,HYPER_GROWTH,3,15.17076301574707,90.0,75.0,45.0,50.0,strong_uptrend,70.31,True,14.73,14.58,15.33,85.0,95.0,38.8,93.0,35.3,47.0,100.0,6.7,50.0,50.0,60.0,-6.2019,1.5305,-3.2406,-7.7324,-2.9613,-7.8819
NVDA,2021-04-12,medium_term,BUY_STARTER,74.72,medium_high,BULL_RISK_ON,HYPER_GROWTH,3,15.17076301574707,90.0,75.0,45.0,50.0,strong_uptrend,70.31,True,15.17,14.58,15.33,85.0,95.0,38.8,93.0,35.3,47.0,100.0,6.7,50.0,50.0,60.0,34.9017,6.5275,7.7733,28.3742,27.1284,-11.5063
NVDA,2021-04-12,long_term,WATCHLIST_VALUATION_TOO_RICH,60.02,medium,BULL_RISK_ON,HYPER_GROWTH,3,15.17076301574707,90.0,75.0,45.0,50.0,strong_uptrend,70.31,True,14.73,14.58,15.33,85.0,95.0,38.8,93.0,35.3,47.0,100.0,6.7,50.0,50.0,60.0,52.1148,10.1593,4.2037,41.9555,47.9111,-11.5063
NVDA,2021-04-19,short_term,BUY_STARTER_STRONG_BUT_EXTENDED,77.76,medium_high,BULL_RISK_ON,HYPER_GROWTH,3,15.323128700256348,100.0,75.0,45.0,50.0,strong_uptrend,61.8,True,14.73,14.58,15.33,94.7,95.0,66.2,85.0,30.6,58.0,100.0,6.7,50.0,50.0,60.0,-7.7872,0.0746,-4.27,-7.8618,-3.5172,-12.3863
NVDA,2021-04-19,medium_term,BUY_STARTER,75.19,medium_high,BULL_RISK_ON,HYPER_GROWTH,3,15.323128700256348,100.0,75.0,45.0,50.0,strong_uptrend,61.8,True,15.32,14.58,15.33,94.7,95.0,66.2,85.0,30.6,58.0,100.0,6.7,50.0,50.0,60.0,22.2781,2.6855,4.7809,19.5926,17.4972,-12.3863
NVDA,2021-04-19,long_term,WATCHLIST_VALUATION_TOO_RICH,60.27,medium,BULL_RISK_ON,HYPER_GROWTH,3,15.323128700256348,100.0,75.0,45.0,50.0,strong_uptrend,61.8,True,14.73,14.58,15.33,94.7,95.0,66.2,85.0,30.6,58.0,100.0,6.7,50.0,50.0,60.0,41.8993,6.8696,0.4228,35.0297,41.4765,-12.3863
NVDA,2021-04-26,short_term,BUY_NOW_MOMENTUM,75.26,medium_high,BULL_RISK_ON,HYPER_GROWTH,3,15.4390869140625,100.0,75.0,45.0,40.0,strong_uptrend,60.3,False,14.93,14.78,16.17,95.1,95.0,68.8,75.0,35.3,52.0,100.0,6.7,50.0,50.0,55.0,0.8657,0.3736,-2.6696,0.4921,3.5353,-13.0443
NVDA,2021-04-26,medium_term,BUY_NOW,72.16,medium_high,BULL_RISK_ON,HYPER_GROWTH,3,15.4390869140625,100.0,75.0,45.0,40.0,strong_uptrend,60.3,False,15.44,14.78,16.17,95.1,95.0,68.8,75.0,35.3,52.0,100.0,6.7,50.0,50.0,55.0,24.6829,5.9512,7.9874,18.7317,16.6955,-13.0443
NVDA,2021-04-26,long_term,WATCHLIST_VALUATION_TOO_RICH,60.02,medium,BULL_RISK_ON,HYPER_GROWTH,3,15.4390869140625,100.0,75.0,45.0,40.0,strong_uptrend,60.3,False,14.93,14.78,16.17,95.1,95.0,68.8,75.0,35.3,52.0,100.0,6.7,50.0,50.0,55.0,28.6723,3.9604,-3.0651,24.7119,31.7374,-13.0443
NVDA,2021-05-03,short_term,WAIT_FOR_PULLBACK,62.64,medium,BULL_RISK_ON,HYPER_GROWTH,3,14.79944896697998,90.0,75.0,45.0,40.0,strong_uptrend,51.4,False,14.74,14.59,15.13,64.8,80.0,66.2,67.0,30.6,42.2,100.0,6.7,50.0,50.0,55.0,9.6231,0.3515,-1.0024,9.2716,10.6255,-9.286
NVDA,2021-05-03,medium_term,BUY_STARTER,66.25,medium_high,BULL_RISK_ON,HYPER_GROWTH,3,14.79944896697998,90.0,75.0,45.0,40.0,strong_uptrend,51.4,False,14.8,14.59,15.13,64.8,80.0,66.2,67.0,30.6,42.2,100.0,6.7,50.0,50.0,55.0,33.1459,4.9788,8.5764,28.1671,24.5695,-9.286
NVDA,2021-05-03,long_term,WATCHLIST_VALUATION_TOO_RICH,56.77,medium,BULL_RISK_ON,HYPER_GROWTH,3,14.79944896697998,90.0,75.0,45.0,40.0,strong_uptrend,51.4,False,14.74,14.59,15.13,64.8,80.0,66.2,67.0,30.6,42.2,100.0,6.7,50.0,50.0,55.0,31.7448,0.4147,-4.814,31.3301,36.5588,-9.286
NVDA,2021-05-10,short_term,AVOID_BAD_CHART,33.53,low,BULL_RISK_ON,HYPER_GROWTH,3,14.229886054992676,80.0,75.0,45.0,40.0,strong_uptrend,44.88,False,14.11,13.97,14.42,16.8,75.0,51.2,26.0,30.6,18.0,100.0,6.7,50.0,50.0,55.0,22.37,1.0384,3.3767,21.3316,18.9933,-5.6551
NVDA,2021-05-10,medium_term,WATCHLIST_NEEDS_CONFIRMATION,55.01,medium,BULL_RISK_ON,HYPER_GROWTH,3,14.229886054992676,80.0,75.0,45.0,40.0,strong_uptrend,44.88,False,14.11,13.97,14.42,16.8,75.0,51.2,26.0,30.6,18.0,100.0,6.7,50.0,50.0,55.0,42.2964,6.134,13.322,36.1624,28.9744,-5.6551
NVDA,2021-05-10,long_term,WATCHLIST_VALUATION_TOO_RICH,53.88,medium,BULL_RISK_ON,HYPER_GROWTH,3,14.229886054992676,80.0,75.0,45.0,40.0,strong_uptrend,44.88,False,14.11,13.97,14.42,16.8,75.0,51.2,26.0,30.6,18.0,100.0,6.7,50.0,50.0,55.0,18.899,-3.4767,-8.3455,22.3757,27.2445,-5.6551
NVDA,2021-05-17,short_term,AVOID_BAD_CHART,39.16,low,BULL_RISK_ON,HYPER_GROWTH,3,14.129886627197266,80.0,75.0,45.0,40.0,strong_uptrend,46.0,False,14.11,13.97,14.29,27.7,70.0,62.5,33.0,30.6,10.0,100.0,6.7,50.0,50.0,55.0,25.605,2.1563,5.5023,23.4487,20.1027,-4.3927
NVDA,2021-05-17,medium_term,WATCHLIST_NEEDS_CONFIRMATION,53.81,medium,BULL_RISK_ON,HYPER_GROWTH,3,14.129886627197266,80.0,75.0,45.0,40.0,strong_uptrend,46.0,False,14.11,13.97,14.29,27.7,70.0,62.5,33.0,30.6,10.0,100.0,6.7,50.0,50.0,55.0,40.8674,7.9207,13.8707,32.9467,26.9967,-4.3927
NVDA,2021-05-17,long_term,WATCHLIST_VALUATION_TOO_RICH,53.92,medium,BULL_RISK_ON,HYPER_GROWTH,3,14.129886627197266,80.0,75.0,45.0,40.0,strong_uptrend,46.0,False,14.11,13.97,14.29,27.7,70.0,62.5,33.0,30.6,10.0,100.0,6.7,50.0,50.0,55.0,21.9587,-2.4463,-7.5646,24.405,29.5233,-4.3927
NVDA,2021-05-24,short_term,WAIT_FOR_PULLBACK,68.0,medium_high,BULL_RISK_ON,HYPER_GROWTH,3,15.572750091552734,90.0,75.0,45.0,40.0,strong_uptrend,63.24,False,14.93,14.78,15.63,85.0,80.0,61.3,78.0,35.3,30.2,100.0,6.7,50.0,50.0,55.0,21.0036,1.2702,4.6504,19.7334,16.3532,-0.9736
NVDA,2021-05-24,medium_term,BUY_STARTER,66.09,medium_high,BULL_RISK_ON,HYPER_GROWTH,3,15.572750091552734,90.0,75.0,45.0,40.0,strong_uptrend,63.24,False,15.57,14.78,15.63,85.0,80.0,61.3,78.0,35.3,30.2,100.0,6.7,50.0,50.0,55.0,40.6805,7.0504,12.3765,33.6301,28.304,-0.9736
NVDA,2021-05-24,long_term,WATCHLIST_VALUATION_TOO_RICH,58.02,medium,BULL_RISK_ON,HYPER_GROWTH,3,15.572750091552734,90.0,75.0,45.0,40.0,strong_uptrend,63.24,False,14.93,14.78,15.63,85.0,80.0,61.3,78.0,35.3,30.2,100.0,6.7,50.0,50.0,55.0,8.3129,-4.062,-11.3152,12.3749,19.6281,-0.9736
NVDA,2021-05-31,short_term,BUY_STARTER_STRONG_BUT_EXTENDED,73.3,medium_high,BULL_RISK_ON,HYPER_GROWTH,3,16.203659057617188,100.0,75.0,45.0,50.0,strong_uptrend,67.48,True,15.42,15.27,17.82,85.1,90.0,51.2,85.0,43.5,58.0,100.0,6.7,50.0,50.0,60.0,23.0545,2.1918,6.3999,20.8627,16.6546,-2.1007
NVDA,2021-05-31,medium_term,BUY_STARTER,74.14,medium_high,BULL_RISK_ON,HYPER_GROWTH,3,16.203659057617188,100.0,75.0,45.0,50.0,strong_uptrend,67.48,True,16.2,15.27,17.82,85.1,90.0,51.2,85.0,43.5,58.0,100.0,6.7,50.0,50.0,60.0,39.3776,7.6377,13.1171,31.7399,26.2605,-2.1007
NVDA,2021-05-31,long_term,WATCHLIST_VALUATION_TOO_RICH,59.94,medium,BULL_RISK_ON,HYPER_GROWTH,3,16.203659057617188,100.0,75.0,45.0,50.0,strong_uptrend,67.48,True,15.42,15.27,17.82,85.1,90.0,51.2,85.0,43.5,58.0,100.0,6.7,50.0,50.0,60.0,15.8801,0.2513,-6.6821,15.6288,22.5622,-4.1037
NVDA,2021-06-07,short_term,BUY_STARTER_STRONG_BUT_EXTENDED,71.79,medium_high,BULL_RISK_ON,HYPER_GROWTH,3,17.574705123901367,80.0,75.0,45.0,50.0,strong_uptrend,76.89,True,15.42,15.27,19.33,79.7,95.0,38.8,88.0,43.5,70.2,100.0,6.7,50.0,50.0,60.0,17.5052,2.8793,7.1324,14.6259,10.3728,-2.492
NVDA,2021-06-07,medium_term,BUY_STARTER,77.56,medium_high,BULL_RISK_ON,HYPER_GROWTH,3,17.574705123901367,80.0,75.0,45.0,50.0,strong_uptrend,76.89,True,17.57,15.27,19.33,79.7,95.0,38.8,88.0,43.5,70.2,100.0,6.7,50.0,50.0,60.0,29.7024,7.6677,13.4915,22.0347,16.2109,-2.492
NVDA,2021-06-07,long_term,WATCHLIST_VALUATION_TOO_RICH,60.16,medium,BULL_RISK_ON,HYPER_GROWTH,3,17.574705123901367,80.0,75.0,45.0,50.0,strong_uptrend,76.89,True,15.42,15.27,19.33,79.7,95.0,38.8,88.0,43.5,70.2,100.0,6.7,50.0,50.0,60.0,6.698,-1.1798,-8.2912,7.8778,14.9892,-11.5848
NVDA,2021-06-14,short_term,BUY_STARTER_STRONG_BUT_EXTENDED,72.19,medium_high,BULL_RISK_ON,HYPER_GROWTH,3,17.977561950683594,80.0,75.0,45.0,50.0,strong_uptrend,76.7,True,17.14,16.97,19.78,80.9,100.0,43.8,85.0,50.6,63.2,100.0,6.7,50.0,50.0,60.0,12.3829,2.7642,5.3207,9.6187,7.0622,-2.41
NVDA,2021-06-14,medium_term,BUY_STARTER,77.04,medium_high,BULL_RISK_ON,HYPER_GROWTH,3,17.977561950683594,80.0,75.0,45.0,50.0,strong_uptrend,76.7,True,17.98,16.97,19.78,80.9,100.0,43.8,85.0,50.6,63.2,100.0,6.7,50.0,50.0,60.0,22.9603,5.357,9.363,17.6033,13.5973,-2.41
NVDA,2021-06-14,long_term,WATCHLIST_VALUATION_TOO_RICH,61.08,medium,BULL_RISK_ON,HYPER_GROWTH,3,17.977561950683594,80.0,75.0,45.0,50.0,strong_uptrend,76.7,True,17.14,16.97,19.78,80.9,100.0,43.8,85.0,50.6,63.2,100.0,6.7,50.0,50.0,60.0,-13.1035,-10.6582,-19.6745,-2.4453,6.571,-13.5661
NVDA,2021-06-21,short_term,BUY_STARTER_STRONG_BUT_EXTENDED,71.88,medium_high,BULL_RISK_ON,HYPER_GROWTH,3,18.385133743286133,90.0,75.0,45.0,50.0,strong_uptrend,73.1,True,17.54,17.36,19.33,88.5,100.0,41.2,75.0,43.5,70.2,100.0,6.7,50.0,50.0,60.0,1.0026,2.4236,4.1904,-1.421,-3.1878,-3.0485
NVDA,2021-06-21,medium_term,BUY_STARTER,76.57,medium_high,BULL_RISK_ON,HYPER_GROWTH,3,18.385133743286133,90.0,75.0,45.0,50.0,strong_uptrend,73.1,True,18.39,17.36,19.33,88.5,100.0,41.2,75.0,43.5,70.2,100.0,6.7,50.0,50.0,60.0,14.5951,3.4621,6.3148,11.133,8.2803,-3.0485
NVDA,2021-06-21,long_term,WATCHLIST_VALUATION_TOO_RICH,61.1,medium,BULL_RISK_ON,HYPER_GROWTH,3,18.385133743286133,90.0,75.0,45.0,50.0,strong_uptrend,73.1,True,17.54,17.36,19.33,88.5,100.0,41.2,75.0,43.5,70.2,100.0,6.7,50.0,50.0,60.0,-10.0393,-9.613,-17.9226,-0.4263,7.8833,-16.7622
NVDA,2021-06-28,short_term,BUY_STARTER_STRONG_BUT_EXTENDED,72.34,medium_high,BULL_RISK_ON,HYPER_GROWTH,3,19.939327239990234,75.0,75.0,45.0,50.0,strong_uptrend,80.16,True,18.85,18.66,21.93,82.0,100.0,36.2,78.0,50.6,81.8,100.0,6.7,50.0,50.0,60.0,-3.8879,2.6996,3.0307,-6.5875,-6.9186,-10.6055
NVDA,2021-06-28,medium_term,BUY_STARTER,78.85,medium_high,BULL_RISK_ON,HYPER_GROWTH,3,19.939327239990234,75.0,75.0,45.0,50.0,strong_uptrend,80.16,True,19.94,18.66,21.93,82.0,100.0,36.2,78.0,50.6,81.8,100.0,6.7,50.0,50.0,60.0,8.4004,3.8805,4.8205,4.5199,3.5799,-10.6055
NVDA,2021-06-28,long_term,WATCHLIST_VALUATION_TOO_RICH,61.13,medium,BULL_RISK_ON,HYPER_GROWTH,3,19.939327239990234,75.0,75.0,45.0,50.0,strong_uptrend,80.16,True,18.85,18.66,21.93,82.0,100.0,36.2,78.0,50.6,81.8,100.0,6.7,50.0,50.0,60.0,-19.9756,-9.6867,-19.3929,-10.2889,-0.5827,-23.2503
NVDA,2021-07-05,short_term,BUY_STARTER_STRONG_BUT_EXTENDED,73.12,medium_high,BULL_RISK_ON,HYPER_GROWTH,3,20.44017791748047,75.0,75.0,45.0,50.0,strong_uptrend,82.41,True,18.85,18.66,22.48,82.5,100.0,36.2,81.0,50.6,81.8,100.0,6.7,50.0,50.0,60.0,-3.5974,1.0764,1.2244,-4.6738,-4.8218,-12.7959
NVDA,2021-07-05,medium_term,BUY_STARTER,79.32,medium_high,BULL_RISK_ON,HYPER_GROWTH,3,20.44017791748047,75.0,75.0,45.0,50.0,strong_uptrend,82.41,True,20.44,18.66,22.48,82.5,100.0,36.2,81.0,50.6,81.8,100.0,6.7,50.0,50.0,60.0,1.2626,0.6239,0.1081,0.6387,1.1545,-12.7959
NVDA,2021-07-05,long_term,WATCHLIST_VALUATION_TOO_RICH,61.16,medium,BULL_RISK_ON,HYPER_GROWTH,3,20.44017791748047,75.0,75.0,45.0,50.0,strong_uptrend,82.41,True,18.85,18.66,22.48,82.5,100.0,36.2,81.0,50.6,81.8,100.0,6.7,50.0,50.0,60.0,-26.9088,-10.5189,-19.8883,-16.3899,-7.0205,-31.3488
NVDA,2021-07-12,short_term,BUY_STARTER_STRONG_BUT_EXTENDED,74.39,medium_high,BULL_RISK_ON,HYPER_GROWTH,3,20.465620040893555,80.0,75.0,45.0,50.0,strong_uptrend,71.94,True,19.66,19.46,20.83,89.5,100.0,43.8,81.0,50.6,67.8,100.0,6.7,50.0,50.0,60.0,-1.0603,1.1554,1.7411,-2.2157,-2.8014,-12.9043
NVDA,2021-07-12,medium_term,BUY_STARTER,77.13,medium_high,BULL_RISK_ON,HYPER_GROWTH,3,20.465620040893555,80.0,75.0,45.0,50.0,strong_uptrend,71.94,True,20.47,19.46,20.83,89.5,100.0,43.8,81.0,50.6,67.8,100.0,6.7,50.0,50.0,60.0,1.5706,0.4994,-0.2372,1.0712,1.8078,-12.9043
NVDA,2021-07-12,long_term,WATCHLIST_VALUATION_TOO_RICH,61.51,medium,BULL_RISK_ON,HYPER_GROWTH,3,20.465620040893555,80.0,75.0,45.0,50.0,strong_uptrend,71.94,True,19.66,19.46,20.83,89.5,100.0,43.8,81.0,50.6,67.8,100.0,6.7,50.0,50.0,60.0,-26.4241,-11.6307,-20.581,-14.7934,-5.8431,-31.4342
NVDA,2021-07-19,short_term,WAIT_FOR_PULLBACK,63.18,medium,BULL_RISK_ON,HYPER_GROWTH,3,18.73682975769043,100.0,75.0,45.0,40.0,strong_uptrend,48.13,False,17.78,17.6,19.36,66.2,85.0,60.0,58.0,38.8,58.0,100.0,6.7,50.0,50.0,55.0,6.2314,5.1768,4.0347,1.0546,2.1967,-3.2788
NVDA,2021-07-19,medium_term,BUY_STARTER,68.36,medium_high,BULL_RISK_ON,HYPER_GROWTH,3,18.73682975769043,100.0,75.0,45.0,40.0,strong_uptrend,48.13,False,18.74,17.6,19.36,66.2,85.0,60.0,58.0,38.8,58.0,100.0,6.7,50.0,50.0,55.0,16.4331,5.2541,4.1388,11.179,12.2943,-3.2788
NVDA,2021-07-19,long_term,WATCHLIST_VALUATION_TOO_RICH,57.76,medium,BULL_RISK_ON,HYPER_GROWTH,3,18.73682975769043,100.0,75.0,45.0,40.0,strong_uptrend,48.13,False,17.78,17.6,19.36,66.2,85.0,60.0,58.0,38.8,58.0,100.0,6.7,50.0,50.0,55.0,-9.458,-6.3823,-15.4264,-3.0757,5.9684,-25.1078
NVDA,2021-07-26,short_term,WAIT_FOR_PULLBACK,63.8,medium,BULL_RISK_ON,HYPER_GROWTH,3,19.249906539916992,100.0,75.0,45.0,40.0,strong_uptrend,52.39,False,18.85,18.66,19.36,84.7,80.0,63.7,34.0,38.8,58.0,100.0,6.7,50.0,50.0,55.0,13.8074,1.4149,1.2864,12.3925,12.521,-2.8662
NVDA,2021-07-26,medium_term,BUY_STARTER,63.56,medium,BULL_RISK_ON,HYPER_GROWTH,3,19.249906539916992,100.0,75.0,45.0,40.0,strong_uptrend,52.39,False,19.25,18.66,19.36,84.7,80.0,63.7,34.0,38.8,58.0,100.0,6.7,50.0,50.0,55.0,17.8087,3.0728,1.635,14.7359,16.1737,-2.8662
NVDA,2021-07-26,long_term,WATCHLIST_VALUATION_TOO_RICH,58.18,medium,BULL_RISK_ON,HYPER_GROWTH,3,19.249906539916992,100.0,75.0,45.0,40.0,strong_uptrend,52.39,False,18.85,18.66,19.36,84.7,80.0,63.7,34.0,38.8,58.0,100.0,6.7,50.0,50.0,55.0,-14.2518,-10.1066,-19.6707,-4.1452,5.4189,-27.1039
NVDA,2021-08-02,short_term,WAIT_FOR_PULLBACK,66.67,medium_high,BULL_RISK_ON,HYPER_GROWTH,3,19.704862594604492,80.0,75.0,45.0,40.0,sideways,56.73,False,19.66,19.46,19.82,79.0,85.0,70.0,52.0,38.8,52.8,100.0,6.7,50.0,50.0,55.0,14.8759,3.3456,4.2951,11.5303,10.5808,-5.0025
NVDA,2021-08-02,medium_term,BUY_STARTER,66.61,medium_high,BULL_RISK_ON,HYPER_GROWTH,3,19.704862594604492,80.0,75.0,45.0,40.0,sideways,56.73,False,19.7,19.46,19.82,79.0,85.0,70.0,52.0,38.8,52.8,100.0,6.7,50.0,50.0,55.0,29.476,5.2861,6.017,24.1899,23.459,-5.0025
NVDA,2021-08-02,long_term,WATCHLIST_VALUATION_TOO_RICH,58.4,medium,BULL_RISK_ON,HYPER_GROWTH,3,19.704862594604492,80.0,75.0,45.0,40.0,sideways,56.73,False,19.66,19.46,19.82,79.0,85.0,70.0,52.0,38.8,52.8,100.0,6.7,50.0,50.0,55.0,-6.1336,-5.4225,-13.3087,-0.7111,7.1751,-28.787
NVDA,2021-08-09,short_term,BUY_NOW_MOMENTUM,72.17,medium_high,BULL_RISK_ON,HYPER_GROWTH,3,20.248615264892578,100.0,75.0,45.0,40.0,strong_uptrend,60.05,False,19.66,19.46,20.59,94.1,85.0,68.8,48.0,50.6,60.5,100.0,6.7,50.0,50.0,55.0,11.6827,2.1102,3.6287,9.5725,8.054,-7.5536
NVDA,2021-08-09,medium_term,BUY_STARTER,67.18,medium_high,BULL_RISK_ON,HYPER_GROWTH,3,20.248615264892578,100.0,75.0,45.0,40.0,strong_uptrend,60.05,False,20.25,19.46,20.59,94.1,85.0,68.8,48.0,50.6,60.5,100.0,6.7,50.0,50.0,55.0,46.6236,6.3106,8.2206,40.313,38.403,-7.5536
NVDA,2021-08-09,long_term,WATCHLIST_VALUATION_TOO_RICH,59.74,medium,BULL_RISK_ON,HYPER_GROWTH,3,20.248615264892578,100.0,75.0,45.0,40.0,strong_uptrend,60.05,False,19.66,19.46,20.59,94.1,85.0,68.8,48.0,50.6,60.5,100.0,6.7,50.0,50.0,55.0,-15.7545,-5.6389,-13.5298,-10.1156,-2.2247,-30.6993
NVDA,2021-08-16,short_term,BUY_NOW_MOMENTUM,70.97,medium_high,BULL_RISK_ON,HYPER_GROWTH,3,19.904403686523438,100.0,75.0,45.0,40.0,strong_uptrend,53.84,False,19.66,19.46,20.59,74.0,90.0,70.0,63.0,50.6,65.0,100.0,6.7,50.0,50.0,55.0,11.5084,-0.6264,1.702,12.1348,9.8064,-5.9549
NVDA,2021-08-16,medium_term,BUY_STARTER,71.28,medium_high,BULL_RISK_ON,HYPER_GROWTH,3,19.904403686523438,100.0,75.0,45.0,40.0,strong_uptrend,53.84,False,19.9,19.46,20.59,74.0,90.0,70.0,63.0,50.6,65.0,100.0,6.7,50.0,50.0,55.0,52.3577,4.8766,7.0891,47.4811,45.2686,-5.9549
NVDA,2021-08-16,long_term,WATCHLIST_VALUATION_TOO_RICH,59.23,medium,BULL_RISK_ON,HYPER_GROWTH,3,19.904403686523438,100.0,75.0,45.0,40.0,strong_uptrend,53.84,False,19.66,19.46,20.59,74.0,90.0,70.0,63.0,50.6,65.0,100.0,6.7,50.0,50.0,55.0,-5.304,-2.4969,-9.446,-2.8071,4.142,-29.5009
NVDA,2021-08-23,short_term,BUY_STARTER_STRONG_BUT_EXTENDED,78.78,medium_high,BULL_RISK_ON,HYPER_GROWTH,3,21.907819747924805,100.0,75.0,45.0,50.0,strong_uptrend,68.34,True,19.66,19.46,24.1,85.7,90.0,51.2,93.0,43.5,80.0,100.0,6.7,50.0,50.0,60.0,-3.2255,-2.7369,-1.7882,-0.4886,-1.4373,-5.8856
NVDA,2021-08-23,medium_term,BUY_STARTER,78.83,medium_high,BULL_RISK_ON,HYPER_GROWTH,3,21.907819747924805,100.0,75.0,45.0,50.0,strong_uptrend,68.34,True,21.91,19.46,24.1,85.7,90.0,51.2,93.0,43.5,80.0,100.0,6.7,50.0,50.0,60.0,50.2451,5.172,8.3616,45.0731,41.8835,-10.928
NVDA,2021-08-23,long_term,WATCHLIST_VALUATION_TOO_RICH,59.97,medium,BULL_RISK_ON,HYPER_GROWTH,3,21.907819747924805,100.0,75.0,45.0,50.0,strong_uptrend,68.34,True,19.66,19.46,24.1,85.7,90.0,51.2,93.0,43.5,80.0,100.0,6.7,50.0,50.0,60.0,-21.7019,-6.4945,-15.3752,-15.2074,-6.3267,-35.9479
NVDA,2021-08-30,short_term,BUY_STARTER_STRONG_BUT_EXTENDED,73.85,medium_high,BULL_RISK_ON,HYPER_GROWTH,3,22.636144638061523,80.0,75.0,45.0,50.0,strong_uptrend,70.58,True,19.66,19.46,24.9,87.0,95.0,38.8,81.0,43.5,80.0,100.0,6.7,50.0,50.0,60.0,-8.7506,-3.7858,-5.2572,-4.9648,-3.4934,-8.9622
NVDA,2021-08-30,medium_term,BUY_STARTER,78.0,medium_high,BULL_RISK_ON,HYPER_GROWTH,3,22.636144638061523,80.0,75.0,45.0,50.0,strong_uptrend,70.58,True,22.64,19.46,24.9,87.0,95.0,38.8,81.0,43.5,80.0,100.0,6.7,50.0,50.0,60.0,47.1345,3.0645,5.2262,44.07,41.9083,-13.7939
NVDA,2021-08-30,long_term,WATCHLIST_VALUATION_TOO_RICH,60.53,medium,BULL_RISK_ON,HYPER_GROWTH,3,22.636144638061523,80.0,75.0,45.0,50.0,strong_uptrend,70.58,True,19.66,19.46,24.9,87.0,95.0,38.8,81.0,43.5,80.0,100.0,6.7,50.0,50.0,60.0,-31.7766,-10.6933,-20.3986,-21.0833,-11.378,-38.0088
NVDA,2021-09-06,short_term,BUY_STARTER_STRONG_BUT_EXTENDED,77.51,medium_high,BULL_RISK_ON,HYPER_GROWTH,3,22.794809341430664,100.0,75.0,45.0,50.0,strong_uptrend,69.48,True,22.07,21.85,22.99,87.9,95.0,56.2,85.0,50.6,67.8,100.0,6.7,50.0,50.0,60.0,-13.6191,-4.7505,-7.6154,-8.8686,-6.0037,-14.3939
NVDA,2021-09-06,medium_term,BUY_STARTER,76.72,medium_high,BULL_RISK_ON,HYPER_GROWTH,3,22.794809341430664,100.0,75.0,45.0,50.0,strong_uptrend,69.48,True,22.79,21.85,22.99,87.9,95.0,56.2,85.0,50.6,67.8,100.0,6.7,50.0,50.0,60.0,34.3815,0.7559,0.3781,33.6256,34.0034,-14.3939
NVDA,2021-09-06,long_term,WATCHLIST_VALUATION_TOO_RICH,60.93,medium,BULL_RISK_ON,HYPER_GROWTH,3,22.794809341430664,100.0,75.0,45.0,50.0,strong_uptrend,69.48,True,22.07,21.85,22.99,87.9,95.0,56.2,85.0,50.6,67.8,100.0,6.7,50.0,50.0,60.0,-41.0244,-12.2146,-22.8813,-28.8098,-18.1431,-41.8785
NVDA,2021-09-13,short_term,BUY_NOW_MOMENTUM,72.51,medium_high,BULL_RISK_ON,HYPER_GROWTH,3,22.105266571044922,100.0,75.0,45.0,50.0,strong_uptrend,57.96,False,22.075,21.85,22.42,76.0,95.0,70.0,63.0,50.6,67.8,100.0,6.7,50.0,50.0,60.0,-6.5773,-2.3506,-4.6615,-4.2267,-1.9158,-11.7236
NVDA,2021-09-13,medium_term,BUY_NOW,73.28,medium_high,BULL_RISK_ON,HYPER_GROWTH,3,22.105266571044922,100.0,75.0,45.0,50.0,strong_uptrend,57.96,False,22.11,21.85,22.42,76.0,95.0,70.0,63.0,50.6,67.8,100.0,6.7,50.0,50.0,60.0,36.3385,5.7477,5.8782,30.5908,30.4603,-11.7236
NVDA,2021-09-13,long_term,WATCHLIST_VALUATION_TOO_RICH,60.34,medium,BULL_RISK_ON,HYPER_GROWTH,3,22.105266571044922,100.0,75.0,45.0,50.0,strong_uptrend,57.96,False,22.075,21.85,22.42,76.0,95.0,70.0,63.0,50.6,67.8,100.0,6.7,50.0,50.0,60.0,-40.6757,-10.7239,-21.5232,-29.9518,-19.1525,-40.8202
NVDA,2021-09-20,short_term,WATCHLIST,52.13,medium,SIDEWAYS_CHOPPY,HYPER_GROWTH,3,21.068464279174805,95.0,75.0,45.0,50.0,strong_uptrend,43.69,False,19.66,19.46,21.95,53.2,80.0,48.8,45.0,45.9,63.2,100.0,6.7,50.0,50.0,60.0,5.2527,3.0297,1.9004,2.223,3.3523,-7.3794
NVDA,2021-09-20,medium_term,BUY_STARTER,63.9,medium,SIDEWAYS_CHOPPY,HYPER_GROWTH,3,21.068464279174805,95.0,75.0,45.0,50.0,strong_uptrend,43.69,False,21.07,19.46,21.95,53.2,80.0,48.8,45.0,45.9,63.2,100.0,6.7,50.0,50.0,60.0,31.6932,6.3233,5.2529,25.3699,26.4403,-7.3794
NVDA,2021-09-20,long_term,WATCHLIST_VALUATION_TOO_RICH,57.46,medium,SIDEWAYS_CHOPPY,HYPER_GROWTH,3,21.068464279174805,95.0,75.0,45.0,50.0,strong_uptrend,43.69,False,19.66,19.46,21.95,53.2,80.0,48.8,45.0,45.9,63.2,100.0,6.7,50.0,50.0,60.0,-37.5429,-10.1691,-20.5541,-27.3738,-16.9888,-40.1927
NVDA,2021-09-27,short_term,WAIT_FOR_PULLBACK,59.01,medium,BULL_RISK_ON,HYPER_GROWTH,3,21.614307403564453,100.0,75.0,45.0,50.0,strong_uptrend,49.44,False,20.62,20.41,21.95,59.2,65.0,60.0,55.0,45.9,40.0,100.0,6.7,50.0,50.0,60.0,6.9529,2.9166,2.0467,4.0363,4.9062,-9.7184
NVDA,2021-09-27,medium_term,BUY_STARTER,61.42,medium,BULL_RISK_ON,HYPER_GROWTH,3,21.614307403564453,100.0,75.0,45.0,50.0,strong_uptrend,49.44,False,21.61,20.41,21.95,59.2,65.0,60.0,55.0,45.9,40.0,100.0,6.7,50.0,50.0,60.0,42.8845,8.2,9.0848,34.6845,33.7997,-9.7184
NVDA,2021-09-27,long_term,WATCHLIST_VALUATION_TOO_RICH,56.26,medium,BULL_RISK_ON,HYPER_GROWTH,3,21.614307403564453,100.0,75.0,45.0,50.0,strong_uptrend,49.44,False,20.62,20.41,21.95,59.2,65.0,60.0,55.0,45.9,40.0,100.0,6.7,50.0,50.0,60.0,-42.6457,-16.664,-25.4233,-25.9817,-17.2224,-43.5651
NVDA,2021-10-04,short_term,AVOID_BAD_CHART,29.27,low,SIDEWAYS_CHOPPY,HYPER_GROWTH,3,19.690370559692383,60.0,75.0,45.0,50.0,weak_uptrend,34.39,False,19.66,19.46,19.82,7.7,55.0,32.5,40.0,38.8,19.8,100.0,6.7,50.0,50.0,60.0,30.8889,7.3255,9.8718,23.5634,21.0171,0.6183
NVDA,2021-10-04,medium_term,WATCHLIST_NEEDS_CONFIRMATION,51.64,medium,SIDEWAYS_CHOPPY,HYPER_GROWTH,3,19.690370559692383,60.0,75.0,45.0,50.0,weak_uptrend,34.39,False,19.66,19.46,19.82,7.7,55.0,32.5,40.0,38.8,19.8,100.0,6.7,50.0,50.0,60.0,52.6692,11.8394,14.0585,40.8298,38.6107,0.6183
NVDA,2021-10-04,long_term,WATCHLIST_VALUATION_TOO_RICH,52.33,medium,SIDEWAYS_CHOPPY,HYPER_GROWTH,3,19.690370559692383,60.0,75.0,45.0,50.0,weak_uptrend,34.39,False,19.66,19.46,19.82,7.7,55.0,32.5,40.0,38.8,19.8,100.0,6.7,50.0,50.0,60.0,-33.2173,-10.4868,-19.4905,-22.7305,-13.7268,-39.4102
NVDA,2021-10-11,short_term,WATCHLIST,48.05,low,SIDEWAYS_CHOPPY,HYPER_GROWTH,3,20.651342391967773,60.0,75.0,45.0,50.0,weak_uptrend,45.32,False,20.52,20.31,20.93,50.0,55.0,63.7,33.0,38.8,42.2,100.0,6.7,50.0,50.0,60.0,48.8476,7.8769,11.0689,40.9707,37.7787,-0.8069
NVDA,2021-10-11,medium_term,WATCHLIST_NEEDS_CONFIRMATION,53.95,medium,SIDEWAYS_CHOPPY,HYPER_GROWTH,3,20.651342391967773,60.0,75.0,45.0,50.0,weak_uptrend,45.32,False,20.52,20.31,20.93,50.0,55.0,63.7,33.0,38.8,42.2,100.0,6.7,50.0,50.0,60.0,32.4154,7.4663,6.1959,24.9491,26.2195,-0.8069
NVDA,2021-10-11,long_term,WATCHLIST_VALUATION_TOO_RICH,54.45,medium,SIDEWAYS_CHOPPY,HYPER_GROWTH,3,20.651342391967773,60.0,75.0,45.0,50.0,weak_uptrend,45.32,False,20.52,20.31,20.93,50.0,55.0,63.7,33.0,38.8,42.2,100.0,6.7,50.0,50.0,60.0,-43.9706,-16.4569,-26.228,-27.5137,-17.7426,-45.4359
NVDA,2021-10-18,short_term,BUY_NOW_MOMENTUM,76.08,medium_high,BULL_RISK_ON,HYPER_GROWTH,3,22.175121307373047,90.0,75.0,45.0,40.0,strong_uptrend,60.26,False,22.06,21.84,22.42,85.0,85.0,63.7,81.0,50.6,62.5,100.0,6.7,50.0,50.0,55.0,35.1139,4.526,5.8929,30.5879,29.221,-1.08
NVDA,2021-10-18,medium_term,BUY_NOW,72.65,medium_high,BULL_RISK_ON,HYPER_GROWTH,3,22.175121307373047,90.0,75.0,45.0,40.0,strong_uptrend,60.26,False,22.18,21.84,22.42,85.0,85.0,63.7,81.0,50.6,62.5,100.0,6.7,50.0,50.0,55.0,16.5789,2.4383,-0.4365,14.1406,17.0154,-1.08
NVDA,2021-10-18,long_term,WATCHLIST_VALUATION_TOO_RICH,59.28,medium,BULL_RISK_ON,HYPER_GROWTH,3,22.175121307373047,90.0,75.0,45.0,40.0,strong_uptrend,60.26,False,22.06,21.84,22.42,85.0,85.0,63.7,81.0,50.6,62.5,100.0,6.7,50.0,50.0,55.0,-46.1048,-15.7526,-26.6937,-30.3522,-19.4111,-51.302
NVDA,2021-10-25,short_term,BUY_STARTER_STRONG_BUT_EXTENDED,73.55,medium_high,BULL_RISK_ON,HYPER_GROWTH,3,23.117130279541016,100.0,75.0,45.0,40.0,strong_uptrend,67.16,True,22.0763,21.86,25.43,85.2,90.0,48.8,80.0,50.6,67.8,100.0,6.7,50.0,50.0,55.0,37.9435,2.6386,5.6545,35.3049,32.289,3.272
NVDA,2021-10-25,medium_term,BUY_STARTER,74.37,medium_high,BULL_RISK_ON,HYPER_GROWTH,3,23.117130279541016,100.0,75.0,45.0,40.0,strong_uptrend,67.16,True,23.12,21.86,25.43,85.2,90.0,48.8,80.0,50.6,67.8,100.0,6.7,50.0,50.0,55.0,-3.6228,-4.2923,-8.5675,0.6695,4.9447,-9.8223
NVDA,2021-10-25,long_term,WATCHLIST_VALUATION_TOO_RICH,59.8,medium,BULL_RISK_ON,HYPER_GROWTH,3,23.117130279541016,100.0,75.0,45.0,40.0,strong_uptrend,67.16,True,22.0763,21.86,25.43,85.2,90.0,48.8,80.0,50.6,67.8,100.0,6.7,50.0,50.0,55.0,-42.7107,-14.2257,-24.3284,-28.485,-18.3823,-53.2864
NVDA,2021-11-01,short_term,BUY_STARTER_STRONG_BUT_EXTENDED,75.97,medium_high,BULL_RISK_ON,HYPER_GROWTH,3,25.772518157958984,75.0,75.0,45.0,40.0,strong_uptrend,78.33,True,22.0763,21.86,28.35,80.6,100.0,38.8,88.0,50.6,93.0,100.0,6.7,50.0,50.0,55.0,26.5187,-0.9738,1.6493,27.4925,24.8694,-0.1046
NVDA,2021-11-01,medium_term,BUY_STARTER,81.65,high,BULL_RISK_ON,HYPER_GROWTH,3,25.772518157958984,75.0,75.0,45.0,40.0,strong_uptrend,78.33,True,25.77,21.86,28.35,80.6,100.0,38.8,88.0,50.6,93.0,100.0,6.7,50.0,50.0,55.0,-4.592,-1.1953,-5.5347,-3.3967,0.9427,-19.1135
NVDA,2021-11-01,long_term,WATCHLIST_VALUATION_TOO_RICH,60.56,medium,BULL_RISK_ON,HYPER_GROWTH,3,25.772518157958984,75.0,75.0,45.0,40.0,strong_uptrend,78.33,True,22.0763,21.86,28.35,80.6,100.0,38.8,88.0,50.6,93.0,100.0,6.7,50.0,50.0,55.0,-47.5206,-15.1512,-28.5474,-32.3694,-18.9732,-58.0994
NVDA,2021-11-08,short_term,BUY_STARTER_STRONG_BUT_EXTENDED,76.7,medium_high,BULL_RISK_ON,HYPER_GROWTH,3,30.739017486572266,75.0,75.0,45.0,40.0,strong_uptrend,89.17,True,22.0763,21.86,31.33,84.2,100.0,36.2,93.0,43.5,93.0,100.0,6.7,50.0,50.0,55.0,5.2817,-0.1386,-0.0578,5.4203,5.3395,-8.9682
NVDA,2021-11-08,medium_term,BUY_STARTER,82.43,high,BULL_RISK_ON,HYPER_GROWTH,3,30.739017486572266,75.0,75.0,45.0,40.0,strong_uptrend,89.17,True,30.74,21.86,31.33,84.2,100.0,36.2,93.0,43.5,93.0,100.0,6.7,50.0,50.0,55.0,-18.4811,-3.4985,-9.6672,-14.9826,-8.8139,-32.1823
NVDA,2021-11-08,long_term,WATCHLIST_VALUATION_TOO_RICH,60.39,medium,BULL_RISK_ON,HYPER_GROWTH,3,30.739017486572266,75.0,75.0,45.0,40.0,strong_uptrend,89.17,True,22.0763,21.86,31.33,84.2,100.0,36.2,93.0,43.5,93.0,100.0,6.7,50.0,50.0,55.0,-52.5591,-17.3052,-31.8636,-35.2539,-20.6955,-64.8693
NVDA,2021-11-15,short_term,BUY_STARTER_STRONG_BUT_EXTENDED,71.87,medium_high,BULL_RISK_ON,HYPER_GROWTH,3,29.961660385131836,85.0,75.0,45.0,40.0,strong_uptrend,74.43,True,28.72,28.43,30.62,82.0,100.0,43.8,63.0,38.8,100.0,100.0,6.7,50.0,50.0,55.0,-5.6104,-0.8707,-1.6244,-4.7397,-3.986,-9.2312
NVDA,2021-11-15,medium_term,BUY_STARTER,78.83,medium_high,BULL_RISK_ON,HYPER_GROWTH,3,29.961660385131836,85.0,75.0,45.0,40.0,strong_uptrend,74.43,True,29.96,28.43,30.62,82.0,100.0,43.8,63.0,38.8,100.0,100.0,6.7,50.0,50.0,55.0,-11.7461,-4.2279,-9.6361,-7.5182,-2.11,-30.4228
NVDA,2021-11-15,long_term,WATCHLIST_VALUATION_TOO_RICH,60.05,medium,BULL_RISK_ON,HYPER_GROWTH,3,29.961660385131836,85.0,75.0,45.0,40.0,strong_uptrend,74.43,True,28.72,28.43,30.62,82.0,100.0,43.8,63.0,38.8,100.0,100.0,6.7,50.0,50.0,55.0,-44.4484,-13.4587,-26.2061,-30.9897,-18.2423,-63.9578
NVDA,2021-11-22,short_term,WAIT_FOR_PULLBACK,69.14,medium_high,BULL_RISK_ON,HYPER_GROWTH,3,31.88858413696289,85.0,75.0,45.0,50.0,strong_uptrend,70.26,True,29.19,28.9,32.24,92.0,100.0,41.2,38.0,38.8,100.0,100.0,6.7,50.0,50.0,60.0,-9.0044,-0.6166,-2.4024,-8.3878,-6.602,-15.0447
NVDA,2021-11-22,medium_term,BUY_STARTER,75.45,medium_high,BULL_RISK_ON,HYPER_GROWTH,3,31.88858413696289,85.0,75.0,45.0,50.0,strong_uptrend,70.26,True,31.89,28.9,32.24,92.0,100.0,41.2,38.0,38.8,100.0,100.0,6.7,50.0,50.0,60.0,-29.9357,-9.4398,-17.3952,-20.4959,-12.5405,-34.6271
NVDA,2021-11-22,long_term,WATCHLIST_VALUATION_TOO_RICH,61.05,medium,BULL_RISK_ON,HYPER_GROWTH,3,31.88858413696289,85.0,75.0,45.0,50.0,strong_uptrend,70.26,True,29.19,28.9,32.24,92.0,100.0,41.2,38.0,38.8,100.0,100.0,6.7,50.0,50.0,60.0,-49.772,-13.1785,-27.9398,-36.5935,-21.8322,-66.1357
NVDA,2021-11-29,short_term,BUY_STARTER_STRONG_BUT_EXTENDED,73.9,medium_high,BULL_RISK_ON,HYPER_GROWTH,3,33.30558776855469,95.0,75.0,45.0,50.0,strong_uptrend,69.53,True,30.81,30.5,34.57,92.0,100.0,48.8,50.0,43.5,100.0,100.0,6.7,50.0,50.0,60.0,-9.1392,3.0016,0.6087,-12.1408,-9.7479,-18.6591
NVDA,2021-11-29,medium_term,BUY_STARTER,77.32,medium_high,BULL_RISK_ON,HYPER_GROWTH,3,33.30558776855469,95.0,75.0,45.0,50.0,strong_uptrend,69.53,True,33.31,30.5,34.57,92.0,100.0,48.8,50.0,43.5,100.0,100.0,6.7,50.0,50.0,60.0,-29.6504,-7.1264,-14.4522,-22.524,-15.1982,-37.4084
NVDA,2021-11-29,long_term,WATCHLIST_VALUATION_TOO_RICH,61.28,medium,BULL_RISK_ON,HYPER_GROWTH,3,33.30558776855469,95.0,75.0,45.0,50.0,strong_uptrend,69.53,True,30.81,30.5,34.57,92.0,100.0,48.8,50.0,43.5,100.0,100.0,6.7,50.0,50.0,60.0,-53.1054,-13.6439,-29.3646,-39.4615,-23.7408,-67.5765
NVDA,2021-12-06,short_term,WAIT_FOR_PULLBACK,63.66,medium,BULL_RISK_ON,HYPER_GROWTH,3,29.977306365966797,100.0,75.0,45.0,50.0,strong_uptrend,51.3,False,29.19,28.9,30.62,70.0,85.0,60.0,37.0,32.9,83.2,100.0,6.7,50.0,50.0,60.0,-2.4869,4.4547,2.7904,-6.9416,-5.2773,-9.6281
NVDA,2021-12-06,medium_term,BUY_STARTER,69.53,medium_high,BULL_RISK_ON,HYPER_GROWTH,3,29.977306365966797,100.0,75.0,45.0,50.0,strong_uptrend,51.3,False,29.98,28.9,30.62,70.0,85.0,60.0,37.0,32.9,83.2,100.0,6.7,50.0,50.0,60.0,-28.3628,-8.9535,-16.167,-19.4093,-12.1958,-31.2397
NVDA,2021-12-06,long_term,WATCHLIST_VALUATION_TOO_RICH,58.15,medium,BULL_RISK_ON,HYPER_GROWTH,3,29.977306365966797,100.0,75.0,45.0,50.0,strong_uptrend,51.3,False,29.19,28.9,30.62,70.0,85.0,60.0,37.0,32.9,83.2,100.0,6.7,50.0,50.0,60.0,-46.7259,-12.86,-26.6081,-33.8659,-20.1178,-63.9766
NVDA,2021-12-13,short_term,WATCHLIST,51.3,medium,BULL_RISK_ON,HYPER_GROWTH,3,28.10502815246582,100.0,75.0,45.0,50.0,strong_uptrend,43.18,False,27.98,27.7,30.62,41.9,85.0,63.7,23.0,28.2,71.0,100.0,6.7,50.0,50.0,60.0,-1.2215,1.0353,-1.5161,-2.2568,0.2946,-8.9379
NVDA,2021-12-13,medium_term,BUY_STARTER,65.44,medium_high,BULL_RISK_ON,HYPER_GROWTH,3,28.10502815246582,100.0,75.0,45.0,50.0,strong_uptrend,43.18,False,28.11,27.7,30.62,41.9,85.0,63.7,23.0,28.2,71.0,100.0,6.7,50.0,50.0,60.0,-18.4087,-8.338,-16.2369,-10.0707,-2.1718,-26.6591
NVDA,2021-12-13,long_term,WATCHLIST_VALUATION_TOO_RICH,56.51,medium,BULL_RISK_ON,HYPER_GROWTH,3,28.10502815246582,100.0,75.0,45.0,50.0,strong_uptrend,43.18,False,27.98,27.7,30.62,41.9,85.0,63.7,23.0,28.2,71.0,100.0,6.7,50.0,50.0,60.0,-35.7661,-12.542,-25.9539,-23.2241,-9.8122,-61.5769
NVDA,2021-12-20,short_term,WATCHLIST,41.15,low,SIDEWAYS_CHOPPY,HYPER_GROWTH,3,27.663909912109375,85.0,75.0,45.0,50.0,weak_uptrend,43.16,False,27.2,26.93,30.62,38.0,55.0,48.8,16.0,28.2,65.8,100.0,6.7,50.0,50.0,60.0,-9.5674,-0.7099,-3.7327,-8.8575,-5.8347,-9.6216
NVDA,2021-12-20,medium_term,WATCHLIST_NEEDS_CONFIRMATION,54.94,medium,SIDEWAYS_CHOPPY,HYPER_GROWTH,3,27.663909912109375,85.0,75.0,45.0,50.0,weak_uptrend,43.16,False,27.2,26.93,30.62,38.0,55.0,48.8,16.0,28.2,65.8,100.0,6.7,50.0,50.0,60.0,-4.2948,-0.8777,-6.1175,-3.4171,1.8227,-25.4897
NVDA,2021-12-20,long_term,WATCHLIST_VALUATION_TOO_RICH,53.31,medium,SIDEWAYS_CHOPPY,HYPER_GROWTH,3,27.663909912109375,85.0,75.0,45.0,50.0,weak_uptrend,43.16,False,27.2,26.93,30.62,38.0,55.0,48.8,16.0,28.2,65.8,100.0,6.7,50.0,50.0,60.0,-41.9169,-15.0043,-28.6752,-26.9126,-13.2417,-60.9642
NVDA,2021-12-27,short_term,BUY_NOW_MOMENTUM,70.44,medium_high,BULL_RISK_ON,HYPER_GROWTH,3,30.883499145507812,85.0,75.0,45.0,50.0,sideways,55.48,False,30.81,30.5,31.21,78.3,85.0,72.5,44.0,32.9,85.0,100.0,6.7,50.0,50.0,60.0,-27.8591,-8.9658,-14.4667,-18.8933,-13.3924,-32.4996
NVDA,2021-12-27,medium_term,BUY_STARTER,70.91,medium_high,BULL_RISK_ON,HYPER_GROWTH,3,30.883499145507812,85.0,75.0,45.0,50.0,sideways,55.48,False,30.88,30.5,31.21,78.3,85.0,72.5,44.0,32.9,85.0,100.0,6.7,50.0,50.0,60.0,-8.7936,-4.1767,-9.4475,-4.6169,0.6539,-33.2573
NVDA,2021-12-27,long_term,WATCHLIST_VALUATION_TOO_RICH,58.56,medium,BULL_RISK_ON,HYPER_GROWTH,3,30.883499145507812,85.0,75.0,45.0,50.0,sideways,55.48,False,30.81,30.5,31.21,78.3,85.0,72.5,44.0,32.9,85.0,100.0,6.7,50.0,50.0,60.0,-54.3248,-18.789,-34.1919,-35.5358,-20.1329,-65.0336
NVDA,2022-01-03,short_term,WAIT_FOR_PULLBACK,66.22,medium_high,BULL_RISK_ON,HYPER_GROWTH,3,30.061138153076172,100.0,75.0,45.0,50.0,strong_uptrend,52.15,False,29.27,28.98,30.62,68.0,80.0,70.0,37.0,38.8,85.0,100.0,6.7,50.0,50.0,60.0,-18.2032,-5.1831,-9.0022,-13.0201,-9.201,-30.653
NVDA,2022-01-03,medium_term,BUY_STARTER,68.77,medium_high,BULL_RISK_ON,HYPER_GROWTH,3,30.061138153076172,100.0,75.0,45.0,50.0,strong_uptrend,52.15,False,30.06,28.98,30.62,68.0,80.0,70.0,37.0,38.8,85.0,100.0,6.7,50.0,50.0,60.0,-9.1509,-4.0801,-7.9475,-5.0708,-1.2034,-31.4315
NVDA,2022-01-03,long_term,WATCHLIST_VALUATION_TOO_RICH,57.84,medium,BULL_RISK_ON,HYPER_GROWTH,3,30.061138153076172,100.0,75.0,45.0,50.0,strong_uptrend,52.15,False,29.27,28.98,30.62,68.0,80.0,70.0,37.0,38.8,85.0,100.0,6.7,50.0,50.0,60.0,-50.9884,-18.3635,-33.3553,-32.6249,-17.6331,-64.0771
NVDA,2022-01-10,short_term,WATCHLIST,41.6,low,BULL_RISK_ON,HYPER_GROWTH,3,27.345548629760742,65.0,75.0,45.0,50.0,weak_uptrend,41.72,False,27.145,26.87,30.64,28.0,50.0,51.2,20.0,28.2,55.2,100.0,6.7,50.0,50.0,60.0,-8.365,-3.1299,-5.5221,-5.2351,-2.8429,-23.7664
NVDA,2022-01-10,medium_term,WATCHLIST_NEEDS_CONFIRMATION,55.2,medium,BULL_RISK_ON,HYPER_GROWTH,3,27.345548629760742,65.0,75.0,45.0,50.0,weak_uptrend,41.72,False,27.145,26.87,30.64,28.0,50.0,51.2,20.0,28.2,55.2,100.0,6.7,50.0,50.0,60.0,-19.9973,-5.2036,-10.2072,-14.7937,-9.7901,-24.6222
NVDA,2022-01-10,long_term,WATCHLIST_VALUATION_TOO_RICH,52.31,medium,BULL_RISK_ON,HYPER_GROWTH,3,27.345548629760742,65.0,75.0,45.0,50.0,weak_uptrend,41.72,False,27.145,26.87,30.64,28.0,50.0,51.2,20.0,28.2,55.2,100.0,6.7,50.0,50.0,60.0,-41.5476,-13.6567,-26.4435,-27.8909,-15.1041,-60.5097
NVDA,2022-01-17,short_term,WATCHLIST,43.21,low,SIDEWAYS_CHOPPY,HYPER_GROWTH,3,26.888452529907227,65.0,75.0,45.0,40.0,weak_uptrend,41.23,False,25.59,25.33,28.54,28.0,50.0,51.2,43.0,20.0,65.8,100.0,6.7,50.0,50.0,55.0,-9.9287,-3.827,-6.2232,-6.1017,-3.7055,-22.4705
NVDA,2022-01-17,medium_term,WATCHLIST_NEEDS_CONFIRMATION,57.49,medium,SIDEWAYS_CHOPPY,HYPER_GROWTH,3,26.888452529907227,65.0,75.0,45.0,40.0,weak_uptrend,41.23,False,25.59,25.33,28.54,28.0,50.0,51.2,43.0,20.0,65.8,100.0,6.7,50.0,50.0,55.0,-19.1347,-3.759,-8.485,-15.3757,-10.6497,-23.3408
NVDA,2022-01-17,long_term,WATCHLIST_VALUATION_TOO_RICH,51.41,medium,SIDEWAYS_CHOPPY,HYPER_GROWTH,3,26.888452529907227,65.0,75.0,45.0,40.0,weak_uptrend,41.23,False,25.59,25.33,28.54,28.0,50.0,51.2,43.0,20.0,65.8,100.0,6.7,50.0,50.0,55.0,-35.4419,-12.8478,-24.4561,-22.5941,-10.9858,-59.8384
NVDA,2022-01-24,short_term,AVOID_BAD_CHART,30.31,low,SIDEWAYS_CHOPPY,HYPER_GROWTH,3,23.325551986694336,25.0,75.0,45.0,40.0,weak_uptrend,29.29,False,22.0763,21.86,25.21,20.0,40.0,36.2,30.0,12.9,35.2,100.0,6.7,50.0,50.0,55.0,0.077,-2.335,-4.308,2.412,4.385,-8.8824
NVDA,2022-01-24,medium_term,WATCHLIST_NEEDS_CONFIRMATION,48.95,low,SIDEWAYS_CHOPPY,HYPER_GROWTH,3,23.325551986694336,25.0,75.0,45.0,40.0,weak_uptrend,29.29,False,22.0763,21.86,25.21,20.0,40.0,36.2,30.0,12.9,35.2,100.0,6.7,50.0,50.0,55.0,-14.8323,-2.2733,-6.5986,-12.559,-8.2337,-18.2815
NVDA,2022-01-24,long_term,WATCHLIST_VALUATION_TOO_RICH,49.65,low,SIDEWAYS_CHOPPY,HYPER_GROWTH,3,23.325551986694336,25.0,75.0,45.0,40.0,weak_uptrend,29.29,False,22.0763,21.86,25.21,20.0,40.0,36.2,30.0,12.9,35.2,100.0,6.7,50.0,50.0,55.0,-17.2468,-7.5016,-17.9591,-9.7452,0.7123,-53.7038
NVDA,2022-01-31,short_term,AVOID_BAD_CHART,34.42,low,SIDEWAYS_CHOPPY,HYPER_GROWTH,3,24.43733787536621,40.0,75.0,45.0,40.0,weak_uptrend,43.08,False,22.0763,21.86,25.21,28.0,40.0,57.5,23.0,12.9,30.2,100.0,6.7,50.0,50.0,55.0,-4.1207,-4.4298,-5.9386,0.3091,1.8179,-14.6859
NVDA,2022-01-31,medium_term,WATCHLIST_NEEDS_CONFIRMATION,47.15,low,SIDEWAYS_CHOPPY,HYPER_GROWTH,3,24.43733787536621,40.0,75.0,45.0,40.0,weak_uptrend,43.08,False,22.0763,21.86,25.21,28.0,40.0,57.5,23.0,12.9,30.2,100.0,6.7,50.0,50.0,55.0,-20.2143,-7.5887,-12.1681,-12.6256,-8.0462,-25.2915
NVDA,2022-01-31,long_term,WATCHLIST_VALUATION_TOO_RICH,50.05,medium,SIDEWAYS_CHOPPY,HYPER_GROWTH,3,24.43733787536621,40.0,75.0,45.0,40.0,weak_uptrend,43.08,False,22.0763,21.86,25.21,28.0,40.0,57.5,23.0,12.9,30.2,100.0,6.7,50.0,50.0,55.0,-14.3895,-7.2116,-16.5025,-7.1779,2.113,-55.8101
NVDA,2022-02-07,short_term,WATCHLIST,41.47,low,SIDEWAYS_CHOPPY,HYPER_GROWTH,3,24.678857803344727,45.0,75.0,45.0,40.0,weak_uptrend,45.87,False,23.59,23.35,25.21,40.0,40.0,72.5,47.0,12.9,5.2,100.0,6.7,50.0,50.0,55.0,-12.9826,-6.9333,-8.9488,-6.0493,-4.0338,-16.4772
NVDA,2022-02-07,medium_term,WATCHLIST_NEEDS_CONFIRMATION,47.0,low,SIDEWAYS_CHOPPY,HYPER_GROWTH,3,24.678857803344727,45.0,75.0,45.0,40.0,weak_uptrend,45.87,False,23.59,23.35,25.21,40.0,40.0,72.5,47.0,12.9,5.2,100.0,6.7,50.0,50.0,55.0,-31.4425,-10.6992,-16.223,-20.7433,-15.2195,-31.94
NVDA,2022-02-07,long_term,WATCHLIST_VALUATION_TOO_RICH,50.65,medium,SIDEWAYS_CHOPPY,HYPER_GROWTH,3,24.678857803344727,45.0,75.0,45.0,40.0,weak_uptrend,45.87,False,23.59,23.35,25.21,40.0,40.0,72.5,47.0,12.9,5.2,100.0,6.7,50.0,50.0,55.0,-10.1191,-6.6958,-13.6617,-3.4233,3.5426,-56.2426
NVDA,2022-02-14,short_term,AVOID_BAD_CHART,28.3,low,BEAR_RISK_OFF,HYPER_GROWTH,3,24.218774795532227,45.0,75.0,45.0,40.0,weak_uptrend,44.74,False,23.93,23.69,25.21,8.0,50.0,61.3,43.0,12.9,5.2,100.0,6.7,50.0,50.0,55.0,-5.3162,-2.927,-5.5656,-2.3892,0.2494,-14.8905
NVDA,2022-02-14,medium_term,WATCHLIST_NEEDS_CONFIRMATION,46.71,low,BEAR_RISK_OFF,HYPER_GROWTH,3,24.218774795532227,45.0,75.0,45.0,40.0,weak_uptrend,44.74,False,23.93,23.69,25.21,8.0,50.0,61.3,43.0,12.9,5.2,100.0,6.7,50.0,50.0,55.0,-28.846,-8.5844,-14.0093,-20.2616,-14.8367,-35.8402
NVDA,2022-02-14,long_term,WATCHLIST_VALUATION_TOO_RICH,50.05,medium,BEAR_RISK_OFF,HYPER_GROWTH,3,24.218774795532227,45.0,75.0,45.0,40.0,weak_uptrend,44.74,False,23.93,23.69,25.21,8.0,50.0,61.3,43.0,12.9,5.2,100.0,6.7,50.0,50.0,55.0,-6.1059,-4.1738,-10.3923,-1.9321,4.2864,-55.4113
NVDA,2022-02-21,short_term,AVOID_BAD_CHART,32.52,low,BEAR_RISK_OFF,HYPER_GROWTH,3,23.595014572143555,45.0,75.0,45.0,50.0,weak_uptrend,43.01,False,22.0763,21.86,24.01,8.0,35.0,57.5,67.0,12.9,5.2,100.0,6.7,50.0,50.0,60.0,13.0977,3.7713,3.6775,9.3264,9.4202,-12.6406
NVDA,2022-02-21,medium_term,WATCHLIST_NEEDS_CONFIRMATION,47.77,low,BEAR_RISK_OFF,HYPER_GROWTH,3,23.595014572143555,45.0,75.0,45.0,50.0,weak_uptrend,43.01,False,22.0763,21.86,24.01,8.0,35.0,57.5,67.0,12.9,5.2,100.0,6.7,50.0,50.0,60.0,-29.3764,-9.0159,-14.5063,-20.3605,-14.8701,-34.1441
NVDA,2022-02-21,long_term,WATCHLIST_VALUATION_TOO_RICH,49.05,low,BEAR_RISK_OFF,HYPER_GROWTH,3,23.595014572143555,45.0,75.0,45.0,50.0,weak_uptrend,43.01,False,22.0763,21.86,24.01,8.0,35.0,57.5,67.0,12.9,5.2,100.0,6.7,50.0,50.0,60.0,-12.1335,-5.7184,-12.323,-6.4151,0.1895,-54.2325
NVDA,2022-02-28,short_term,WATCHLIST,49.77,low,BEAR_RISK_OFF,HYPER_GROWTH,3,24.336538314819336,45.0,75.0,45.0,50.0,weak_uptrend,48.0,False,23.93,23.69,25.21,55.0,45.0,68.8,81.0,12.9,16.8,100.0,6.7,50.0,50.0,60.0,15.7425,4.74,5.3521,11.0025,10.3904,-15.3024
NVDA,2022-02-28,medium_term,WATCHLIST_NEEDS_CONFIRMATION,53.4,medium,BEAR_RISK_OFF,HYPER_GROWTH,3,24.336538314819336,45.0,75.0,45.0,50.0,weak_uptrend,48.0,False,23.93,23.69,25.21,55.0,45.0,68.8,81.0,12.9,16.8,100.0,6.7,50.0,50.0,60.0,-22.8452,-4.5989,-10.7606,-18.2463,-12.0846,-36.1507
NVDA,2022-02-28,long_term,WATCHLIST_VALUATION_TOO_RICH,52.4,medium,BEAR_RISK_OFF,HYPER_GROWTH,3,24.336538314819336,45.0,75.0,45.0,50.0,weak_uptrend,48.0,False,23.93,23.69,25.21,55.0,45.0,68.8,81.0,12.9,16.8,100.0,6.7,50.0,50.0,60.0,-6.8311,-8.1273,-15.4135,1.2962,8.5824,-55.6271
NVDA,2022-03-07,short_term,AVOID_BAD_CHART,27.32,low,BEAR_RISK_OFF,HYPER_GROWTH,3,21.31319236755371,15.0,75.0,45.0,50.0,downtrend,37.07,False,21.25,21.04,21.95,8.0,15.0,51.2,44.0,12.9,7.0,100.0,6.7,50.0,50.0,60.0,28.1379,9.248,13.8203,18.8899,14.3176,-3.2877
NVDA,2022-03-07,medium_term,AVOID_BAD_BUSINESS,40.84,low,BEAR_RISK_OFF,HYPER_GROWTH,3,21.31319236755371,15.0,75.0,45.0,50.0,downtrend,37.07,False,21.25,21.04,21.95,8.0,15.0,51.2,44.0,12.9,7.0,100.0,6.7,50.0,50.0,60.0,-12.0176,-1.5165,-5.3131,-10.5011,-6.7045,-27.0935
NVDA,2022-03-07,long_term,WATCHLIST_VALUATION_TOO_RICH,47.05,low,BEAR_RISK_OFF,HYPER_GROWTH,3,21.31319236755371,15.0,75.0,45.0,50.0,downtrend,37.07,False,21.25,21.04,21.95,8.0,15.0,51.2,44.0,12.9,7.0,100.0,6.7,50.0,50.0,60.0,13.3552,-3.347,-7.6479,16.7022,21.0031,-49.3326
NVDA,2022-03-14,short_term,AVOID_BAD_CHART,21.99,low,BEAR_RISK_OFF,HYPER_GROWTH,3,21.291236877441406,15.0,75.0,45.0,50.0,downtrend,39.19,False,21.25,21.04,21.95,8.0,15.0,48.8,23.0,12.9,0.0,100.0,6.7,50.0,50.0,60.0,2.752,5.8241,7.2733,-3.0721,-4.5213,-0.0375
NVDA,2022-03-14,medium_term,AVOID_BAD_BUSINESS,36.79,low,BEAR_RISK_OFF,HYPER_GROWTH,3,21.291236877441406,15.0,75.0,45.0,50.0,downtrend,39.19,False,21.25,21.04,21.95,8.0,15.0,48.8,23.0,12.9,0.0,100.0,6.7,50.0,50.0,60.0,-26.6277,-9.7926,-13.3323,-16.8351,-13.2954,-27.0183
NVDA,2022-03-14,long_term,WATCHLIST_VALUATION_TOO_RICH,47.05,low,BEAR_RISK_OFF,HYPER_GROWTH,3,21.291236877441406,15.0,75.0,45.0,50.0,downtrend,39.19,False,21.25,21.04,21.95,8.0,15.0,48.8,23.0,12.9,0.0,100.0,6.7,50.0,50.0,60.0,13.6927,-5.133,-5.3547,18.8257,19.0474,-49.2804
NVDA,2022-03-21,short_term,WAIT_FOR_PULLBACK,60.18,medium,BULL_NARROW_LEADERSHIP,HYPER_GROWTH,3,26.685413360595703,60.0,75.0,45.0,50.0,strong_uptrend,61.49,True,25.59,25.33,26.87,65.0,80.0,63.7,85.0,12.9,46.0,100.0,6.7,50.0,50.0,60.0,-16.9671,0.1463,-1.0912,-17.1134,-15.8759,-21.1528
NVDA,2022-03-21,medium_term,BUY_ON_PULLBACK,67.32,medium_high,BULL_NARROW_LEADERSHIP,HYPER_GROWTH,3,26.685413360595703,60.0,75.0,45.0,50.0,strong_uptrend,61.49,True,25.59,25.33,26.87,65.0,80.0,63.7,85.0,12.9,46.0,100.0,6.7,50.0,50.0,60.0,-38.0209,-15.2343,-19.5554,-22.7866,-18.4655,-42.6526
NVDA,2022-03-21,long_term,WATCHLIST_VALUATION_TOO_RICH,56.4,medium,BULL_NARROW_LEADERSHIP,HYPER_GROWTH,3,26.685413360595703,60.0,75.0,45.0,50.0,strong_uptrend,61.49,True,25.59,25.33,26.87,65.0,80.0,63.7,85.0,12.9,46.0,100.0,6.7,50.0,50.0,60.0,-0.9024,-10.2695,-11.8853,9.3671,10.9829,-59.5328
NVDA,2022-03-28,short_term,WAIT_FOR_PULLBACK,62.1,medium,LIQUIDITY_RALLY,HYPER_GROWTH,3,28.1677188873291,80.0,75.0,45.0,50.0,strong_uptrend,63.43,True,27.98,27.7,28.43,74.1,80.0,63.7,78.0,12.9,53.0,100.0,6.7,50.0,50.0,60.0,-33.4207,-8.732,-13.0909,-24.6887,-20.3298,-33.8389
NVDA,2022-03-28,medium_term,BUY_ON_PULLBACK,67.32,medium_high,LIQUIDITY_RALLY,HYPER_GROWTH,3,28.1677188873291,80.0,75.0,45.0,50.0,strong_uptrend,63.43,True,27.98,27.7,28.43,74.1,80.0,63.7,78.0,12.9,53.0,100.0,6.7,50.0,50.0,60.0,-43.3524,-16.147,-22.1493,-27.2054,-21.2031,-45.6705
NVDA,2022-03-28,long_term,WATCHLIST_VALUATION_TOO_RICH,56.85,medium,LIQUIDITY_RALLY,HYPER_GROWTH,3,28.1677188873291,80.0,75.0,45.0,50.0,strong_uptrend,63.43,True,27.98,27.7,28.43,74.1,80.0,63.7,78.0,12.9,53.0,100.0,6.7,50.0,50.0,60.0,-4.2871,-10.4758,-13.6437,6.1887,9.3566,-61.6624
NVDA,2022-04-04,short_term,WAIT_FOR_PULLBACK,62.13,medium,BULL_RISK_ON,HYPER_GROWTH,3,27.310277938842773,90.0,75.0,45.0,50.0,strong_uptrend,57.27,False,27.1625,26.89,28.43,66.4,95.0,72.5,53.0,18.8,51.2,100.0,6.7,50.0,50.0,60.0,-28.3553,-8.8485,-13.6691,-19.5068,-14.6862,-33.1506
NVDA,2022-04-04,medium_term,BUY_STARTER,69.12,medium_high,BULL_RISK_ON,HYPER_GROWTH,3,27.310277938842773,90.0,75.0,45.0,50.0,strong_uptrend,57.27,False,27.31,26.89,28.43,66.4,95.0,72.5,53.0,18.8,51.2,100.0,6.7,50.0,50.0,60.0,-44.6886,-15.7387,-21.6477,-28.9499,-23.0409,-48.6185
NVDA,2022-04-04,long_term,WATCHLIST_VALUATION_TOO_RICH,58.27,medium,BULL_RISK_ON,HYPER_GROWTH,3,27.310277938842773,90.0,75.0,45.0,50.0,strong_uptrend,57.27,False,27.1625,26.89,28.43,66.4,95.0,72.5,53.0,18.8,51.2,100.0,6.7,50.0,50.0,60.0,-1.6589,-9.2588,-13.7971,7.5999,12.1382,-60.4587
NVDA,2022-04-11,short_term,AVOID_BAD_CHART,28.95,low,SIDEWAYS_CHOPPY,HYPER_GROWTH,3,21.87717056274414,35.0,75.0,45.0,50.0,downtrend,35.78,False,21.185,20.97,21.95,17.5,45.0,52.5,30.0,12.9,5.2,100.0,6.7,50.0,50.0,60.0,-19.7199,-9.2812,-11.7722,-10.4387,-7.9477,-23.224
NVDA,2022-04-11,medium_term,WATCHLIST_NEEDS_CONFIRMATION,45.95,low,SIDEWAYS_CHOPPY,HYPER_GROWTH,3,21.87717056274414,35.0,75.0,45.0,50.0,downtrend,35.78,False,21.185,20.97,21.95,17.5,45.0,52.5,30.0,12.9,5.2,100.0,6.7,50.0,50.0,60.0,-30.7971,-13.5146,-16.0436,-17.2825,-14.7535,-35.8581
NVDA,2022-04-11,long_term,WATCHLIST_VALUATION_TOO_RICH,50.52,medium,SIDEWAYS_CHOPPY,HYPER_GROWTH,3,21.87717056274414,35.0,75.0,45.0,50.0,downtrend,35.78,False,21.185,20.97,21.95,17.5,45.0,52.5,30.0,12.9,5.2,100.0,6.7,50.0,50.0,60.0,20.8547,-4.4201,-5.6522,25.2748,26.5069,-50.6388
NVDA,2022-04-18,short_term,AVOID_BAD_CHART,22.25,low,SIDEWAYS_CHOPPY,HYPER_GROWTH,3,21.74341583251953,15.0,75.0,45.0,50.0,downtrend,38.3,False,21.215,21.0,21.95,8.0,15.0,53.8,11.0,12.9,0.0,100.0,6.7,50.0,50.0,60.0,-20.7456,-8.649,-11.884,-12.0966,-8.8616,-28.536
NVDA,2022-04-18,medium_term,AVOID_BAD_BUSINESS,36.32,low,SIDEWAYS_CHOPPY,HYPER_GROWTH,3,21.74341583251953,15.0,75.0,45.0,50.0,downtrend,38.3,False,21.215,21.0,21.95,8.0,15.0,53.8,11.0,12.9,0.0,100.0,6.7,50.0,50.0,60.0,-21.9777,-10.0476,-11.7561,-11.9301,-10.2216,-35.4636
NVDA,2022-04-18,long_term,WATCHLIST_VALUATION_TOO_RICH,47.05,low,SIDEWAYS_CHOPPY,HYPER_GROWTH,3,21.74341583251953,15.0,75.0,45.0,50.0,downtrend,38.3,False,21.215,21.0,21.95,8.0,15.0,53.8,11.0,12.9,0.0,100.0,6.7,50.0,50.0,60.0,28.3437,-3.8389,-5.1762,32.1826,33.5199,-50.3351
NVDA,2022-04-25,short_term,AVOID_BAD_CHART,17.39,low,SIDEWAYS_CHOPPY,HYPER_GROWTH,3,19.86583137512207,15.0,75.0,45.0,40.0,downtrend,34.15,False,19.585,19.39,20.24,0.0,15.0,35.0,18.0,12.9,0.0,100.0,6.7,50.0,50.0,55.0,-15.094,-7.372,-10.9533,-7.722,-4.1407,-21.7817
NVDA,2022-04-25,medium_term,AVOID_BAD_BUSINESS,36.87,low,SIDEWAYS_CHOPPY,HYPER_GROWTH,3,19.86583137512207,15.0,75.0,45.0,40.0,downtrend,34.15,False,19.585,19.39,20.24,0.0,15.0,35.0,18.0,12.9,0.0,100.0,6.7,50.0,50.0,55.0,-16.9104,-8.3852,-10.5116,-8.5252,-6.3988,-29.364
NVDA,2022-04-25,long_term,WATCHLIST_VALUATION_TOO_RICH,46.15,low,SIDEWAYS_CHOPPY,HYPER_GROWTH,3,19.86583137512207,15.0,75.0,45.0,40.0,downtrend,34.15,False,19.585,19.39,20.24,0.0,15.0,35.0,18.0,12.9,0.0,100.0,6.7,50.0,50.0,55.0,35.5702,-4.037,-4.6464,39.6072,40.2166,-45.6412
NVDA,2022-05-02,short_term,AVOID_BAD_CHART,21.25,low,BEAR_RISK_OFF,HYPER_GROWTH,3,19.49750328063965,15.0,75.0,45.0,40.0,downtrend,39.54,False,19.295,19.1,19.82,8.0,20.0,53.8,18.0,12.9,0.0,100.0,6.7,50.0,50.0,55.0,-4.4079,-0.374,-3.2027,-4.0339,-1.2052,-20.3041
NVDA,2022-05-02,medium_term,AVOID_BAD_BUSINESS,36.32,low,BEAR_RISK_OFF,HYPER_GROWTH,3,19.49750328063965,15.0,75.0,45.0,40.0,downtrend,39.54,False,19.295,19.1,19.82,8.0,20.0,53.8,18.0,12.9,0.0,100.0,6.7,50.0,50.0,55.0,-5.1353,-1.1237,-1.1133,-4.0116,-4.022,-28.0296
NVDA,2022-05-02,long_term,WATCHLIST_VALUATION_TOO_RICH,47.05,low,BEAR_RISK_OFF,HYPER_GROWTH,3,19.49750328063965,15.0,75.0,45.0,40.0,downtrend,39.54,False,19.295,19.1,19.82,8.0,20.0,53.8,18.0,12.9,0.0,100.0,6.7,50.0,50.0,55.0,42.4665,0.1093,0.3918,42.3572,42.0747,-44.6143
NVDA,2022-05-09,short_term,AVOID_BAD_CHART,15.51,low,BEAR_RISK_OFF,HYPER_GROWTH,3,16.91919708251953,10.0,75.0,45.0,40.0,downtrend,32.39,False,15.42,15.27,17.77,0.0,15.0,32.5,18.0,12.9,0.0,100.0,6.7,50.0,50.0,55.0,11.6578,4.4127,4.2807,7.2451,7.3771,-8.1593
NVDA,2022-05-09,medium_term,AVOID_BAD_BUSINESS,35.36,low,BEAR_RISK_OFF,HYPER_GROWTH,3,16.91919708251953,10.0,75.0,45.0,40.0,downtrend,32.39,False,15.42,15.27,17.77,0.0,15.0,32.5,18.0,12.9,0.0,100.0,6.7,50.0,50.0,55.0,0.8236,3.7564,6.9122,-2.9328,-6.0886,-17.0621
NVDA,2022-05-09,long_term,WATCHLIST_VALUATION_TOO_RICH,46.15,low,BEAR_RISK_OFF,HYPER_GROWTH,3,16.91919708251953,10.0,75.0,45.0,40.0,downtrend,32.39,False,15.42,15.27,17.77,0.0,15.0,32.5,18.0,12.9,0.0,100.0,6.7,50.0,50.0,55.0,70.5722,5.4436,10.2602,65.1286,60.312,-36.1741
NVDA,2022-05-16,short_term,AVOID_BAD_CHART,21.78,low,BEAR_RISK_OFF,HYPER_GROWTH,3,17.232622146606445,15.0,75.0,45.0,40.0,downtrend,38.83,False,17.14,16.97,17.92,18.0,20.0,51.2,11.0,12.9,0.0,100.0,6.7,50.0,50.0,55.0,-8.2521,-6.5535,-7.5492,-1.6986,-0.7029,-10.7086
NVDA,2022-05-16,medium_term,AVOID_BAD_BUSINESS,35.31,low,BEAR_RISK_OFF,HYPER_GROWTH,3,17.232622146606445,15.0,75.0,45.0,40.0,downtrend,38.83,False,17.14,16.97,17.92,18.0,20.0,51.2,11.0,12.9,0.0,100.0,6.7,50.0,50.0,55.0,9.3779,7.8648,11.553,1.5131,-2.1751,-18.5706
NVDA,2022-05-16,long_term,WATCHLIST_VALUATION_TOO_RICH,47.55,low,BEAR_RISK_OFF,HYPER_GROWTH,3,17.232622146606445,15.0,75.0,45.0,40.0,downtrend,38.83,False,17.14,16.97,17.92,18.0,20.0,51.2,11.0,12.9,0.0,100.0,6.7,50.0,50.0,55.0,74.9664,5.5425,11.8027,69.4239,63.1637,-37.3349
NVDA,2022-05-23,short_term,AVOID_BAD_CHART,24.81,low,BEAR_RISK_OFF,HYPER_GROWTH,3,16.867290496826172,15.0,75.0,45.0,40.0,downtrend,39.75,False,16.8,16.63,17.92,8.0,20.0,51.2,40.0,12.9,0.0,100.0,6.7,50.0,50.0,55.0,-3.1633,-5.2688,-4.181,2.1055,1.0177,-9.2719
NVDA,2022-05-23,medium_term,AVOID_BAD_BUSINESS,39.48,low,BEAR_RISK_OFF,HYPER_GROWTH,3,16.867290496826172,15.0,75.0,45.0,40.0,downtrend,39.75,False,16.8,16.63,17.92,8.0,20.0,51.2,40.0,12.9,0.0,100.0,6.7,50.0,50.0,55.0,1.6963,4.3362,7.2317,-2.6399,-5.5354,-16.8069
NVDA,2022-05-23,long_term,WATCHLIST_VALUATION_TOO_RICH,47.05,low,BEAR_RISK_OFF,HYPER_GROWTH,3,16.867290496826172,15.0,75.0,45.0,40.0,downtrend,39.75,False,16.8,16.63,17.92,8.0,20.0,51.2,40.0,12.9,0.0,100.0,6.7,50.0,50.0,55.0,80.8885,5.3247,13.8742,75.5638,67.0143,-35.9776
NVDA,2022-05-30,short_term,AVOID_BAD_CHART,46.36,low,BEAR_RISK_OFF,HYPER_GROWTH,3,18.77681541442871,30.0,75.0,45.0,50.0,downtrend,51.21,False,18.31,18.13,19.36,50.0,30.0,66.2,80.0,12.9,9.8,100.0,6.7,50.0,50.0,60.0,-15.0211,-7.4191,-7.8484,-7.602,-7.1727,-18.4985
NVDA,2022-05-30,medium_term,WATCHLIST_NEEDS_CONFIRMATION,49.04,low,BEAR_RISK_OFF,HYPER_GROWTH,3,18.77681541442871,30.0,75.0,45.0,50.0,downtrend,51.21,False,18.31,18.13,19.36,50.0,30.0,66.2,80.0,12.9,9.8,100.0,6.7,50.0,50.0,60.0,-15.9835,-2.0732,-1.0655,-13.9103,-14.918,-25.2673
NVDA,2022-05-30,long_term,WATCHLIST_VALUATION_TOO_RICH,50.65,medium,BEAR_RISK_OFF,HYPER_GROWTH,3,18.77681541442871,30.0,75.0,45.0,50.0,downtrend,51.21,False,18.31,18.13,19.36,50.0,30.0,66.2,80.0,12.9,9.8,100.0,6.7,50.0,50.0,60.0,101.315,2.9059,13.7484,98.4091,87.5666,-42.4885
NVDA,2022-06-06,short_term,AVOID_BAD_CHART,42.19,low,BEAR_RISK_OFF,HYPER_GROWTH,3,18.75185775756836,25.0,75.0,45.0,50.0,downtrend,50.76,False,18.36,18.18,19.32,40.0,30.0,66.2,68.0,12.9,12.2,100.0,6.7,50.0,50.0,60.0,-19.4443,-6.5287,-5.815,-12.9156,-13.6293,-25.1678
NVDA,2022-06-06,medium_term,WATCHLIST_NEEDS_CONFIRMATION,47.66,low,BEAR_RISK_OFF,HYPER_GROWTH,3,18.75185775756836,25.0,75.0,45.0,50.0,downtrend,50.76,False,18.36,18.18,19.32,40.0,30.0,66.2,68.0,12.9,12.2,100.0,6.7,50.0,50.0,60.0,-28.3091,-4.6971,-4.429,-23.612,-23.8801,-29.3473
NVDA,2022-06-06,long_term,WATCHLIST_VALUATION_TOO_RICH,50.15,medium,BEAR_RISK_OFF,HYPER_GROWTH,3,18.75185775756836,25.0,75.0,45.0,50.0,downtrend,50.76,False,18.36,18.18,19.32,40.0,30.0,66.2,68.0,12.9,12.2,100.0,6.7,50.0,50.0,60.0,99.6907,5.3393,14.4132,94.3514,85.2775,-42.4119
NVDA,2022-06-13,short_term,AVOID_BAD_CHART,24.83,low,BEAR_RISK_OFF,HYPER_GROWTH,3,15.621865272521973,15.0,75.0,45.0,50.0,downtrend,35.77,False,15.48,15.33,15.78,8.0,15.0,48.8,40.0,12.9,0.0,100.0,6.7,50.0,50.0,60.0,-3.0868,1.4577,3.9175,-4.5445,-7.0043,-10.1745
NVDA,2022-06-13,medium_term,AVOID_BAD_BUSINESS,39.0,low,BEAR_RISK_OFF,HYPER_GROWTH,3,15.621865272521973,15.0,75.0,45.0,50.0,downtrend,35.77,False,15.48,15.33,15.78,8.0,15.0,48.8,40.0,12.9,0.0,100.0,6.7,50.0,50.0,60.0,-16.0548,5.2795,6.846,-21.3343,-22.9008,-16.2594
NVDA,2022-06-13,long_term,WATCHLIST_VALUATION_TOO_RICH,47.05,low,BEAR_RISK_OFF,HYPER_GROWTH,3,15.621865272521973,15.0,75.0,45.0,50.0,downtrend,35.77,False,15.48,15.33,15.78,8.0,15.0,48.8,40.0,12.9,0.0,100.0,6.7,50.0,50.0,60.0,175.0211,18.5565,33.8772,156.4646,141.1439,-30.8736
NVDA,2022-06-20,short_term,AVOID_BAD_CHART,30.69,low,BEAR_RISK_OFF,HYPER_GROWTH,3,15.8544921875,15.0,75.0,45.0,50.0,downtrend,39.54,False,15.74,15.58,16.84,8.0,10.0,53.8,63.0,12.9,5.2,100.0,6.7,50.0,50.0,60.0,7.0025,4.5858,6.1264,2.4167,0.8761,-11.4924
NVDA,2022-06-20,medium_term,AVOID_BAD_BUSINESS,42.1,low,BEAR_RISK_OFF,HYPER_GROWTH,3,15.8544921875,15.0,75.0,45.0,50.0,downtrend,39.54,False,15.74,15.58,16.84,8.0,10.0,53.8,63.0,12.9,5.2,100.0,6.7,50.0,50.0,60.0,-15.7054,4.0196,3.7331,-19.725,-19.4385,-20.5243
NVDA,2022-06-20,long_term,WATCHLIST_VALUATION_TOO_RICH,46.55,low,BEAR_RISK_OFF,HYPER_GROWTH,3,15.8544921875,15.0,75.0,45.0,50.0,downtrend,39.54,False,15.74,15.58,16.84,8.0,10.0,53.8,63.0,12.9,5.2,100.0,6.7,50.0,50.0,60.0,171.2883,17.856,29.6714,153.4323,141.6169,-31.8878
NVDA,2022-06-27,short_term,AVOID_BAD_CHART,34.8,low,BEAR_RISK_OFF,HYPER_GROWTH,3,16.841901779174805,20.0,75.0,45.0,50.0,downtrend,46.75,False,16.8,16.63,16.91,40.0,5.0,66.2,33.0,12.9,5.2,100.0,6.7,50.0,50.0,60.0,-1.9918,0.5919,0.6565,-2.5837,-2.6483,-16.6815
NVDA,2022-06-27,medium_term,AVOID_BAD_BUSINESS,36.83,low,BEAR_RISK_OFF,HYPER_GROWTH,3,16.841901779174805,20.0,75.0,45.0,50.0,downtrend,46.75,False,16.8,16.63,16.91,40.0,5.0,66.2,33.0,12.9,5.2,100.0,6.7,50.0,50.0,60.0,-27.4905,-5.8631,-6.0137,-21.6274,-21.4768,-27.5735
NVDA,2022-06-27,long_term,WATCHLIST_VALUATION_TOO_RICH,47.65,low,BEAR_RISK_OFF,HYPER_GROWTH,3,16.841901779174805,20.0,75.0,45.0,50.0,downtrend,46.75,False,16.8,16.63,16.91,40.0,5.0,66.2,33.0,12.9,5.2,100.0,6.7,50.0,50.0,60.0,143.9444,14.1347,25.5391,129.8097,118.4053,-35.8811
NVDA,2022-07-04,short_term,AVOID_BAD_CHART,22.08,low,BEAR_RISK_OFF,HYPER_GROWTH,3,14.499670028686523,10.0,75.0,45.0,50.0,downtrend,35.0,False,13.47,13.34,15.78,8.0,5.0,48.8,25.0,12.9,0.0,100.0,6.7,50.0,50.0,60.0,26.9779,7.5427,9.8655,19.4352,17.1124,-3.2225
NVDA,2022-07-04,medium_term,AVOID_BAD_BUSINESS,34.93,low,BEAR_RISK_OFF,HYPER_GROWTH,3,14.499670028686523,10.0,75.0,45.0,50.0,downtrend,35.0,False,13.47,13.34,15.78,8.0,5.0,48.8,25.0,12.9,0.0,100.0,6.7,50.0,50.0,60.0,-16.3905,-6.1034,-6.6977,-10.2871,-9.6928,-17.7198
NVDA,2022-07-04,long_term,WATCHLIST_VALUATION_TOO_RICH,46.05,low,BEAR_RISK_OFF,HYPER_GROWTH,3,14.499670028686523,10.0,75.0,45.0,50.0,downtrend,35.0,False,13.47,13.34,15.78,8.0,5.0,48.8,25.0,12.9,0.0,100.0,6.7,50.0,50.0,60.0,191.6201,17.9093,29.9554,173.7108,161.6647,-25.5236
NVDA,2022-07-11,short_term,AVOID_BAD_CHART,24.45,low,BEAR_RISK_OFF,HYPER_GROWTH,3,15.12766170501709,15.0,75.0,45.0,50.0,downtrend,41.14,False,14.03,13.89,16.01,18.0,10.0,51.2,23.0,12.9,0.0,100.0,6.7,50.0,50.0,60.0,17.43,7.4851,10.9569,9.9449,6.4731,-4.534
NVDA,2022-07-11,medium_term,AVOID_BAD_BUSINESS,35.6,low,BEAR_RISK_OFF,HYPER_GROWTH,3,15.12766170501709,15.0,75.0,45.0,50.0,downtrend,41.14,False,14.03,13.89,16.01,18.0,10.0,51.2,23.0,12.9,0.0,100.0,6.7,50.0,50.0,60.0,-20.2773,-5.1921,-6.7314,-15.0852,-13.5459,-21.1355
NVDA,2022-07-11,long_term,WATCHLIST_VALUATION_TOO_RICH,47.05,low,BEAR_RISK_OFF,HYPER_GROWTH,3,15.12766170501709,15.0,75.0,45.0,50.0,downtrend,41.14,False,14.03,13.89,16.01,18.0,10.0,51.2,23.0,12.9,0.0,100.0,6.7,50.0,50.0,60.0,189.9834,17.9771,29.9052,172.0063,160.0782,-28.6153
NVDA,2022-07-18,short_term,AVOID_BAD_CHART,44.42,low,BEAR_RISK_OFF,HYPER_GROWTH,3,16.075138092041016,25.0,75.0,45.0,50.0,downtrend,49.8,False,15.785,15.63,16.91,50.0,20.0,67.5,65.0,12.9,9.8,100.0,6.7,50.0,50.0,60.0,18.2038,12.2817,15.0864,5.9221,3.1174,0.441
NVDA,2022-07-18,medium_term,WATCHLIST_NEEDS_CONFIRMATION,45.25,low,BEAR_RISK_OFF,HYPER_GROWTH,3,16.075138092041016,25.0,75.0,45.0,50.0,downtrend,49.8,False,15.785,15.63,16.91,50.0,20.0,67.5,65.0,12.9,9.8,100.0,6.7,50.0,50.0,60.0,-30.2507,-5.9827,-9.7414,-24.268,-20.5093,-32.8227
NVDA,2022-07-18,long_term,WATCHLIST_VALUATION_TOO_RICH,49.65,low,BEAR_RISK_OFF,HYPER_GROWTH,3,16.075138092041016,25.0,75.0,45.0,50.0,downtrend,49.8,False,15.785,15.63,16.91,50.0,20.0,67.5,65.0,12.9,9.8,100.0,6.7,50.0,50.0,60.0,192.6272,21.1241,34.2086,171.5031,158.4186,-32.8227
NVDA,2022-07-25,short_term,WATCHLIST,54.59,medium,SIDEWAYS_CHOPPY,HYPER_GROWTH,3,16.996652603149414,45.0,75.0,45.0,40.0,sideways,53.95,False,16.8,16.63,17.3,65.0,45.0,66.2,76.0,18.8,16.8,100.0,6.7,50.0,50.0,55.0,0.0588,4.4948,4.6925,-4.436,-4.6337,-3.2072
NVDA,2022-07-25,medium_term,WATCHLIST_NEEDS_CONFIRMATION,54.09,medium,SIDEWAYS_CHOPPY,HYPER_GROWTH,3,16.996652603149414,45.0,75.0,45.0,40.0,sideways,53.95,False,16.8,16.63,17.3,65.0,45.0,66.2,76.0,18.8,16.8,100.0,6.7,50.0,50.0,55.0,-26.7522,-4.9909,-8.111,-21.7613,-18.6412,-36.4649
NVDA,2022-07-25,long_term,WATCHLIST_VALUATION_TOO_RICH,52.7,medium,SIDEWAYS_CHOPPY,HYPER_GROWTH,3,16.996652603149414,45.0,75.0,45.0,40.0,sideways,53.95,False,16.8,16.63,17.3,65.0,45.0,66.2,76.0,18.8,16.8,100.0,6.7,50.0,50.0,55.0,167.2085,17.0332,26.6233,150.1753,140.5852,-36.4649
NVDA,2022-08-01,short_term,WAIT_FOR_PULLBACK,61.1,medium,SIDEWAYS_CHOPPY,HYPER_GROWTH,3,18.411380767822266,55.0,75.0,45.0,40.0,sideways,62.19,True,18.275,18.09,19.33,73.2,60.0,63.7,81.0,18.8,43.2,100.0,6.7,50.0,50.0,55.0,-14.3159,-1.9816,-3.4447,-12.3343,-10.8712,-14.5003
NVDA,2022-08-01,medium_term,BUY_ON_PULLBACK,61.8,medium,SIDEWAYS_CHOPPY,HYPER_GROWTH,3,18.411380767822266,55.0,75.0,45.0,40.0,sideways,62.19,True,18.275,18.09,19.33,73.2,60.0,63.7,81.0,18.8,43.2,100.0,6.7,50.0,50.0,55.0,-24.9601,-4.9059,-10.64,-20.0542,-14.3201,-41.3469
NVDA,2022-08-01,long_term,WATCHLIST_VALUATION_TOO_RICH,54.6,medium,SIDEWAYS_CHOPPY,HYPER_GROWTH,3,18.411380767822266,55.0,75.0,45.0,40.0,sideways,62.19,True,18.275,18.09,19.33,73.2,60.0,63.7,81.0,18.8,43.2,100.0,6.7,50.0,50.0,55.0,140.2559,11.3715,19.5988,128.8844,120.6571,-41.3469
NVDA,2022-08-08,short_term,WAIT_FOR_PULLBACK,57.95,medium,SIDEWAYS_CHOPPY,HYPER_GROWTH,3,17.764419555664062,85.0,75.0,45.0,40.0,sideways,52.62,False,17.54,17.36,17.9,54.7,60.0,67.5,93.0,18.8,32.0,100.0,6.7,50.0,50.0,55.0,-24.3242,-5.3827,-8.6246,-18.9415,-15.6996,-25.4201
NVDA,2022-08-08,medium_term,BUY_STARTER,61.92,medium,SIDEWAYS_CHOPPY,HYPER_GROWTH,3,17.764419555664062,85.0,75.0,45.0,40.0,sideways,52.62,False,17.76,17.36,17.9,54.7,60.0,67.5,93.0,18.8,32.0,100.0,6.7,50.0,50.0,55.0,-20.417,-8.4975,-17.3223,-11.9195,-3.0947,-39.2109
NVDA,2022-08-08,long_term,WATCHLIST_VALUATION_TOO_RICH,53.68,medium,SIDEWAYS_CHOPPY,HYPER_GROWTH,3,17.764419555664062,85.0,75.0,45.0,40.0,sideways,52.62,False,17.54,17.36,17.9,54.7,60.0,67.5,93.0,18.8,32.0,100.0,6.7,50.0,50.0,55.0,139.3591,9.6949,15.5353,129.6642,123.8238,-39.2109
NVDA,2022-08-15,short_term,WAIT_FOR_PULLBACK,65.52,medium_high,SIDEWAYS_CHOPPY,HYPER_GROWTH,3,19.00143051147461,85.0,75.0,45.0,40.0,sideways,60.06,False,18.78,18.59,19.34,94.8,45.0,68.8,71.0,18.8,43.2,100.0,6.7,50.0,50.0,55.0,-30.9852,-8.3384,-11.8177,-22.6468,-19.1675,-31.1534
NVDA,2022-08-15,medium_term,WATCHLIST_NEEDS_CONFIRMATION,57.3,medium,SIDEWAYS_CHOPPY,HYPER_GROWTH,3,19.00143051147461,85.0,75.0,45.0,40.0,sideways,60.06,False,18.78,18.59,19.34,94.8,45.0,68.8,71.0,18.8,43.2,100.0,6.7,50.0,50.0,55.0,-14.1874,-6.6952,-13.3857,-7.4922,-0.8017,-43.1683
NVDA,2022-08-15,long_term,WATCHLIST_VALUATION_TOO_RICH,54.19,medium,SIDEWAYS_CHOPPY,HYPER_GROWTH,3,19.00143051147461,85.0,75.0,45.0,40.0,sideways,60.06,False,18.78,18.59,19.34,94.8,45.0,68.8,71.0,18.8,43.2,100.0,6.7,50.0,50.0,55.0,128.6777,4.1877,9.6273,124.49,119.0504,-43.1683
NVDA,2022-08-22,short_term,AVOID_BAD_CHART,39.56,low,SIDEWAYS_CHOPPY,HYPER_GROWTH,3,17.006641387939453,55.0,75.0,45.0,40.0,sideways,44.26,False,16.75,16.58,17.3,37.6,30.0,48.8,48.0,18.8,22.8,100.0,6.7,50.0,50.0,55.0,-22.6259,-6.697,-7.9881,-15.9289,-14.6378,-25.9085
NVDA,2022-08-22,medium_term,WATCHLIST_NEEDS_CONFIRMATION,47.79,low,SIDEWAYS_CHOPPY,HYPER_GROWTH,3,17.006641387939453,55.0,75.0,45.0,40.0,sideways,44.26,False,16.75,16.58,17.3,37.6,30.0,48.8,48.0,18.8,22.8,100.0,6.7,50.0,50.0,55.0,-9.5129,-3.7966,-9.2341,-5.7163,-0.2788,-36.5022
NVDA,2022-08-22,long_term,WATCHLIST_VALUATION_TOO_RICH,49.83,low,SIDEWAYS_CHOPPY,HYPER_GROWTH,3,17.006641387939453,55.0,75.0,45.0,40.0,sideways,44.26,False,16.75,16.58,17.3,37.6,30.0,48.8,48.0,18.8,22.8,100.0,6.7,50.0,50.0,55.0,176.8283,8.9306,18.2535,167.8977,158.5748,-36.5022
NVDA,2022-08-29,short_term,AVOID_BAD_CHART,24.29,low,BEAR_RISK_OFF,HYPER_GROWTH,3,15.775617599487305,35.0,75.0,45.0,50.0,downtrend,38.3,False,15.54,15.38,16.01,16.1,20.0,48.8,20.0,12.9,7.0,100.0,6.7,50.0,50.0,60.0,-21.4183,-9.3777,-9.6701,-12.0406,-11.7482,-22.6781
NVDA,2022-08-29,medium_term,AVOID_BAD_BUSINESS,38.33,low,BEAR_RISK_OFF,HYPER_GROWTH,3,15.775617599487305,35.0,75.0,45.0,50.0,downtrend,38.3,False,15.54,15.38,16.01,16.1,20.0,48.8,20.0,12.9,7.0,100.0,6.7,50.0,50.0,60.0,0.1943,-1.2651,-6.9616,1.4594,7.1559,-31.5473
NVDA,2022-08-29,long_term,WATCHLIST_VALUATION_TOO_RICH,47.95,low,BEAR_RISK_OFF,HYPER_GROWTH,3,15.775617599487305,35.0,75.0,45.0,50.0,downtrend,38.3,False,15.54,15.38,16.01,16.1,20.0,48.8,20.0,12.9,7.0,100.0,6.7,50.0,50.0,60.0,212.0355,13.8452,24.6828,198.1903,187.3527,-31.5473
NVDA,2022-09-05,short_term,AVOID_BAD_CHART,18.53,low,SIDEWAYS_CHOPPY,HYPER_GROWTH,3,13.625080108642578,5.0,75.0,45.0,50.0,downtrend,28.74,False,13.25,13.12,16.01,0.0,5.0,36.2,20.0,12.9,0.0,100.0,6.7,50.0,50.0,60.0,-8.2896,-5.7949,-6.4932,-2.4947,-1.7964,-12.4383
NVDA,2022-09-05,medium_term,AVOID_BAD_BUSINESS,35.67,low,SIDEWAYS_CHOPPY,HYPER_GROWTH,3,13.625080108642578,5.0,75.0,45.0,50.0,downtrend,28.74,False,13.25,13.12,16.01,0.0,5.0,36.2,20.0,12.9,0.0,100.0,6.7,50.0,50.0,60.0,23.7293,4.5607,0.0088,19.1686,23.7205,-20.7429
NVDA,2022-09-05,long_term,WATCHLIST_VALUATION_TOO_RICH,45.65,low,SIDEWAYS_CHOPPY,HYPER_GROWTH,3,13.625080108642578,5.0,75.0,45.0,50.0,downtrend,28.74,False,13.25,13.12,16.01,0.0,5.0,36.2,20.0,12.9,0.0,100.0,6.7,50.0,50.0,60.0,245.1584,16.0576,28.7875,229.1008,216.3709,-20.7429
NVDA,2022-09-12,short_term,AVOID_BAD_CHART,29.0,low,BEAR_RISK_OFF,HYPER_GROWTH,3,14.486003875732422,15.0,75.0,45.0,50.0,downtrend,38.36,False,14.44,14.3,16.01,28.0,10.0,56.2,23.0,12.9,7.0,100.0,6.7,50.0,50.0,60.0,-19.545,-12.0376,-14.1119,-7.5074,-5.4331,-21.3513
NVDA,2022-09-12,medium_term,AVOID_BAD_BUSINESS,36.83,low,BEAR_RISK_OFF,HYPER_GROWTH,3,14.486003875732422,15.0,75.0,45.0,50.0,downtrend,38.36,False,14.44,14.3,16.01,28.0,10.0,56.2,23.0,12.9,7.0,100.0,6.7,50.0,50.0,60.0,17.2378,-3.9113,-9.0729,21.1491,26.3107,-25.4533
NVDA,2022-09-12,long_term,WATCHLIST_VALUATION_TOO_RICH,47.55,low,BEAR_RISK_OFF,HYPER_GROWTH,3,14.486003875732422,15.0,75.0,45.0,50.0,downtrend,38.36,False,14.44,14.3,16.01,28.0,10.0,56.2,23.0,12.9,7.0,100.0,6.7,50.0,50.0,60.0,213.7733,10.422,21.284,203.3513,192.4893,-25.4533
NVDA,2022-09-19,short_term,AVOID_BAD_CHART,28.26,low,BEAR_RISK_OFF,HYPER_GROWTH,3,13.36447525024414,15.0,75.0,45.0,50.0,downtrend,35.22,False,13.29,13.16,14.53,8.0,15.0,51.2,51.0,12.9,7.0,100.0,6.7,50.0,50.0,60.0,-11.1643,-5.5926,-7.4558,-5.5717,-3.7085,-19.1974
NVDA,2022-09-19,medium_term,AVOID_BAD_BUSINESS,41.59,low,BEAR_RISK_OFF,HYPER_GROWTH,3,13.36447525024414,15.0,75.0,45.0,50.0,downtrend,35.22,False,13.29,13.16,14.53,8.0,15.0,51.2,51.0,12.9,7.0,100.0,6.7,50.0,50.0,60.0,23.8622,-0.9059,-5.7722,24.7681,29.6344,-19.1974
NVDA,2022-09-19,long_term,WATCHLIST_VALUATION_TOO_RICH,47.05,low,BEAR_RISK_OFF,HYPER_GROWTH,3,13.36447525024414,15.0,75.0,45.0,50.0,downtrend,35.22,False,13.29,13.16,14.53,8.0,15.0,51.2,51.0,12.9,7.0,100.0,6.7,50.0,50.0,60.0,215.8335,14.6687,26.099,201.1648,189.7345,-19.1974
NVDA,2022-09-26,short_term,AVOID_BAD_CHART,15.34,low,BEAR_RISK_OFF,HYPER_GROWTH,3,12.211986541748047,0.0,75.0,45.0,50.0,downtrend,28.9,False,10.99,11.24,14.01,0.0,15.0,35.0,11.0,12.9,0.0,100.0,6.7,50.0,50.0,60.0,3.034,3.9966,1.4871,-0.9626,1.5469,-11.5718
NVDA,2022-09-26,medium_term,AVOID_BAD_BUSINESS,35.05,low,BEAR_RISK_OFF,HYPER_GROWTH,3,12.211986541748047,0.0,75.0,45.0,50.0,downtrend,28.9,False,10.99,11.24,14.01,0.0,15.0,35.0,11.0,12.9,0.0,100.0,6.7,50.0,50.0,60.0,24.3858,5.5882,-2.3216,18.7976,26.7074,-11.5718
NVDA,2022-09-26,long_term,WATCHLIST_VALUATION_TOO_RICH,46.65,low,BEAR_RISK_OFF,HYPER_GROWTH,3,12.211986541748047,0.0,75.0,45.0,50.0,downtrend,28.9,False,10.99,11.24,14.01,0.0,15.0,35.0,11.0,12.9,0.0,100.0,6.7,50.0,50.0,60.0,247.5136,18.7881,30.2791,228.7255,217.2345,-11.5718
NVDA,2022-10-03,short_term,AVOID_BAD_CHART,26.68,low,BEAR_RISK_OFF,HYPER_GROWTH,3,12.495615005493164,15.0,75.0,45.0,50.0,downtrend,36.85,False,12.2,12.08,12.81,18.0,15.0,51.2,26.0,12.9,12.2,100.0,6.7,50.0,50.0,60.0,7.8724,5.3463,1.6159,2.5261,6.2565,-13.579
NVDA,2022-10-03,medium_term,AVOID_BAD_BUSINESS,38.74,low,BEAR_RISK_OFF,HYPER_GROWTH,3,12.495615005493164,15.0,75.0,45.0,50.0,downtrend,36.85,False,12.2,12.08,12.81,18.0,15.0,51.2,26.0,12.9,12.2,100.0,6.7,50.0,50.0,60.0,14.4394,4.3531,-3.0771,10.0863,17.5165,-13.579
NVDA,2022-10-03,long_term,WATCHLIST_VALUATION_TOO_RICH,47.55,low,BEAR_RISK_OFF,HYPER_GROWTH,3,12.495615005493164,15.0,75.0,45.0,50.0,downtrend,36.85,False,12.2,12.08,12.81,18.0,15.0,51.2,26.0,12.9,12.2,100.0,6.7,50.0,50.0,60.0,252.2054,17.6577,32.4127,234.5477,219.7927,-13.579
NVDA,2022-10-10,short_term,AVOID_BAD_CHART,19.22,low,BEAR_RISK_OFF,HYPER_GROWTH,3,11.654716491699219,10.0,75.0,45.0,50.0,downtrend,33.04,False,10.49,10.72,12.81,0.0,10.0,35.0,28.0,12.9,7.0,100.0,6.7,50.0,50.0,60.0,22.545,5.5358,0.4429,17.0092,22.1021,-7.3436
NVDA,2022-10-10,medium_term,AVOID_BAD_BUSINESS,37.32,low,BEAR_RISK_OFF,HYPER_GROWTH,3,11.654716491699219,10.0,75.0,45.0,50.0,downtrend,33.04,False,10.49,10.72,12.81,0.0,10.0,35.0,28.0,12.9,7.0,100.0,6.7,50.0,50.0,60.0,36.3588,8.9866,2.655,27.3722,33.7038,-7.3436
NVDA,2022-10-10,long_term,WATCHLIST_VALUATION_TOO_RICH,46.15,low,BEAR_RISK_OFF,HYPER_GROWTH,3,11.654716491699219,10.0,75.0,45.0,50.0,downtrend,33.04,False,10.49,10.72,12.81,0.0,10.0,35.0,28.0,12.9,7.0,100.0,6.7,50.0,50.0,60.0,301.3251,23.1011,40.2862,278.224,261.0389,-7.3436
NVDA,2022-10-17,short_term,AVOID_BAD_CHART,26.69,low,BEAR_RISK_OFF,HYPER_GROWTH,3,11.872429847717285,15.0,75.0,45.0,40.0,downtrend,40.88,False,11.27,11.16,12.1,28.0,15.0,57.5,15.0,12.9,5.2,100.0,6.7,50.0,50.0,55.0,37.0711,7.715,5.9737,29.3561,31.0974,-2.2712
NVDA,2022-10-17,medium_term,AVOID_BAD_BUSINESS,35.67,low,BEAR_RISK_OFF,HYPER_GROWTH,3,11.872429847717285,15.0,75.0,45.0,40.0,downtrend,40.88,False,11.27,11.16,12.1,28.0,15.0,57.5,15.0,12.9,5.2,100.0,6.7,50.0,50.0,55.0,46.21,7.2155,3.4139,38.9945,42.7961,-2.2712
NVDA,2022-10-17,long_term,WATCHLIST_VALUATION_TOO_RICH,47.55,low,BEAR_RISK_OFF,HYPER_GROWTH,3,11.872429847717285,15.0,75.0,45.0,40.0,downtrend,40.88,False,11.27,11.16,12.1,28.0,15.0,57.5,15.0,12.9,5.2,100.0,6.7,50.0,50.0,55.0,255.1633,19.1272,35.8207,236.0361,219.3426,-2.2712
NVDA,2022-10-24,short_term,AVOID_BAD_CHART,49.61,low,BEAR_RISK_OFF,HYPER_GROWTH,3,12.582501411437988,20.0,75.0,45.0,40.0,downtrend,49.21,False,12.2,12.08,12.78,65.0,25.0,72.5,66.0,12.9,22.0,100.0,6.7,50.0,50.0,55.0,21.5731,4.1492,1.2354,17.4239,20.3377,0.5159
NVDA,2022-10-24,medium_term,WATCHLIST_NEEDS_CONFIRMATION,47.35,low,BEAR_RISK_OFF,HYPER_GROWTH,3,12.582501411437988,20.0,75.0,45.0,40.0,downtrend,49.21,False,12.2,12.08,12.78,65.0,25.0,72.5,66.0,12.9,22.0,100.0,6.7,50.0,50.0,55.0,53.4085,6.1547,3.5801,47.2538,49.8284,0.5159
NVDA,2022-10-24,long_term,WATCHLIST_VALUATION_TOO_RICH,50.4,medium,BEAR_RISK_OFF,HYPER_GROWTH,3,12.582501411437988,20.0,75.0,45.0,40.0,downtrend,49.21,False,12.2,12.08,12.78,65.0,25.0,72.5,66.0,12.9,22.0,100.0,6.7,50.0,50.0,55.0,231.8085,11.9442,26.6708,219.8643,205.1377,0.5159
NVDA,2022-10-31,short_term,WATCHLIST,48.5,low,BEAR_RISK_OFF,HYPER_GROWTH,3,13.479323387145996,35.0,75.0,45.0,40.0,sideways,56.55,True,13.29,13.16,13.64,65.0,50.0,68.8,65.0,12.9,20.2,100.0,6.7,50.0,50.0,55.0,15.8702,2.3355,0.9426,13.5347,14.9276,-4.0083
NVDA,2022-10-31,medium_term,WATCHLIST_NEEDS_CONFIRMATION,51.74,medium,BEAR_RISK_OFF,HYPER_GROWTH,3,13.479323387145996,35.0,75.0,45.0,40.0,sideways,56.55,True,13.29,13.16,13.64,65.0,50.0,68.8,65.0,12.9,20.2,100.0,6.7,50.0,50.0,55.0,55.2075,6.8554,8.5233,48.3521,46.6842,-4.0083
NVDA,2022-10-31,long_term,WATCHLIST_VALUATION_TOO_RICH,52.9,medium,BEAR_RISK_OFF,HYPER_GROWTH,3,13.479323387145996,35.0,75.0,45.0,40.0,sideways,56.55,True,13.29,13.16,13.64,65.0,50.0,68.8,65.0,12.9,20.2,100.0,6.7,50.0,50.0,55.0,213.7801,11.1607,29.2965,202.6194,184.4836,-4.0083
NVDA,2022-11-07,short_term,WATCHLIST,53.65,medium,BEAR_RISK_OFF,HYPER_GROWTH,3,14.282269477844238,55.0,75.0,45.0,40.0,sideways,62.86,True,14.03,13.89,14.53,72.6,45.0,63.7,65.0,18.8,47.8,100.0,6.7,50.0,50.0,55.0,11.818,3.6531,5.2655,8.1649,6.5525,-3.7899
NVDA,2022-11-07,medium_term,WATCHLIST_NEEDS_CONFIRMATION,54.75,medium,BEAR_RISK_OFF,HYPER_GROWTH,3,14.282269477844238,55.0,75.0,45.0,40.0,sideways,62.86,True,14.03,13.89,14.53,72.6,45.0,63.7,65.0,18.8,47.8,100.0,6.7,50.0,50.0,55.0,55.3086,8.5763,14.0172,46.7323,41.2914,-3.7899
NVDA,2022-11-07,long_term,WATCHLIST_VALUATION_TOO_RICH,53.08,medium,BEAR_RISK_OFF,HYPER_GROWTH,3,14.282269477844238,55.0,75.0,45.0,40.0,sideways,62.86,True,14.03,13.89,14.53,72.6,45.0,63.7,65.0,18.8,47.8,100.0,6.7,50.0,50.0,55.0,225.8688,16.8926,40.3146,208.9762,185.5542,-3.7899
NVDA,2022-11-14,short_term,WATCHLIST,50.22,medium,BEAR_RISK_OFF,HYPER_GROWTH,3,16.273664474487305,40.0,75.0,45.0,40.0,sideways,70.25,True,15.785,15.63,16.91,66.4,65.0,38.8,73.0,18.8,55.8,100.0,6.7,50.0,50.0,55.0,10.9335,1.7336,1.1246,9.1999,9.8089,-7.4563
NVDA,2022-11-14,medium_term,BUY_ON_PULLBACK,60.89,medium,BEAR_RISK_OFF,HYPER_GROWTH,3,16.273664474487305,40.0,75.0,45.0,40.0,sideways,70.25,True,15.785,15.63,16.91,66.4,65.0,38.8,73.0,18.8,55.8,100.0,6.7,50.0,50.0,55.0,39.735,5.2544,8.5482,34.4806,31.1868,-14.7742
NVDA,2022-11-14,long_term,WATCHLIST_VALUATION_TOO_RICH,54.77,medium,BEAR_RISK_OFF,HYPER_GROWTH,3,16.273664474487305,40.0,75.0,45.0,40.0,sideways,70.25,True,15.785,15.63,16.91,66.4,65.0,38.8,73.0,18.8,55.8,100.0,6.7,50.0,50.0,55.0,200.2018,15.6001,36.0124,184.6017,164.1894,-14.7742
NVDA,2022-11-21,short_term,WATCHLIST,46.37,low,BEAR_RISK_OFF,HYPER_GROWTH,3,15.296939849853516,45.0,75.0,45.0,50.0,sideways,57.97,True,14.44,14.3,16.01,55.8,65.0,67.5,43.0,12.9,47.8,100.0,6.7,50.0,50.0,60.0,5.0409,-3.1178,-4.1522,8.1587,9.1931,-1.2731
NVDA,2022-11-21,medium_term,WATCHLIST_NEEDS_CONFIRMATION,55.9,medium,BEAR_RISK_OFF,HYPER_GROWTH,3,15.296939849853516,45.0,75.0,45.0,50.0,sideways,57.97,True,14.44,14.3,16.01,55.8,65.0,67.5,43.0,12.9,47.8,100.0,6.7,50.0,50.0,60.0,54.5345,2.0046,5.5485,52.5299,48.986,-9.3324
NVDA,2022-11-21,long_term,WATCHLIST_VALUATION_TOO_RICH,54.44,medium,BEAR_RISK_OFF,HYPER_GROWTH,3,15.296939849853516,45.0,75.0,45.0,50.0,sideways,57.97,True,14.44,14.3,16.01,55.8,65.0,67.5,43.0,12.9,47.8,100.0,6.7,50.0,50.0,60.0,218.2464,17.1299,39.3111,201.1165,178.9353,-9.3324
NVDA,2022-11-28,short_term,WAIT_FOR_PULLBACK,57.76,medium,BEAR_RISK_OFF,HYPER_GROWTH,3,15.806272506713867,70.0,75.0,45.0,50.0,sideways,58.4,True,15.785,15.63,16.01,86.1,65.0,67.5,44.0,18.8,74.8,100.0,6.7,50.0,50.0,60.0,-10.7562,-3.2226,-6.5435,-7.5336,-4.2127,-11.167
NVDA,2022-11-28,medium_term,WATCHLIST_NEEDS_CONFIRMATION,59.93,medium,BEAR_RISK_OFF,HYPER_GROWTH,3,15.806272506713867,70.0,75.0,45.0,50.0,sideways,58.4,True,15.785,15.63,16.01,86.1,65.0,67.5,44.0,18.8,74.8,100.0,6.7,50.0,50.0,60.0,43.4498,0.1623,3.2497,43.2875,40.2001,-12.254
NVDA,2022-11-28,long_term,WATCHLIST_VALUATION_TOO_RICH,56.25,medium,BEAR_RISK_OFF,HYPER_GROWTH,3,15.806272506713867,70.0,75.0,45.0,50.0,sideways,58.4,True,15.785,15.63,16.01,86.1,65.0,67.5,44.0,18.8,74.8,100.0,6.7,50.0,50.0,60.0,204.3498,16.6342,38.818,187.7156,165.5318,-12.254
NVDA,2022-12-05,short_term,WAIT_FOR_PULLBACK,62.07,medium,BEAR_RISK_OFF,HYPER_GROWTH,3,16.59248924255371,70.0,75.0,45.0,50.0,sideways,60.51,True,16.44,16.28,16.91,96.3,65.0,66.2,56.0,18.8,74.8,100.0,6.7,50.0,50.0,60.0,-11.2041,-3.5205,-7.3925,-7.6836,-3.8116,-16.4118
NVDA,2022-12-05,medium_term,BUY_ON_PULLBACK,61.65,medium,BEAR_RISK_OFF,HYPER_GROWTH,3,16.59248924255371,70.0,75.0,45.0,50.0,sideways,60.51,True,16.44,16.28,16.91,96.3,65.0,66.2,56.0,18.8,74.8,100.0,6.7,50.0,50.0,60.0,45.6057,0.2908,3.7871,45.3149,41.8186,-16.4118
NVDA,2022-12-05,long_term,WATCHLIST_VALUATION_TOO_RICH,56.76,medium,BEAR_RISK_OFF,HYPER_GROWTH,3,16.59248924255371,70.0,75.0,45.0,50.0,sideways,60.51,True,16.44,16.28,16.91,96.3,65.0,66.2,56.0,18.8,74.8,100.0,6.7,50.0,50.0,60.0,174.071,15.5983,34.7726,158.4727,139.2984,-16.4118
NVDA,2022-12-12,short_term,WAIT_FOR_PULLBACK,69.45,medium_high,SIDEWAYS_CHOPPY,HYPER_GROWTH,3,17.51651382446289,85.0,75.0,45.0,50.0,weak_uptrend,64.23,True,16.94,16.77,17.56,96.0,90.0,63.7,60.0,27.1,80.0,100.0,6.7,50.0,50.0,60.0,-8.7482,-0.4045,-2.5791,-8.3437,-6.1691,-20.8212
NVDA,2022-12-12,medium_term,BUY_ON_PULLBACK,70.67,medium_high,SIDEWAYS_CHOPPY,HYPER_GROWTH,3,17.51651382446289,85.0,75.0,45.0,50.0,weak_uptrend,64.23,True,16.94,16.77,17.56,96.0,90.0,63.7,60.0,27.1,80.0,100.0,6.7,50.0,50.0,60.0,38.1929,-1.9758,4.9253,40.1687,33.2676,-20.8212
NVDA,2022-12-12,long_term,WATCHLIST_VALUATION_TOO_RICH,59.66,medium,SIDEWAYS_CHOPPY,HYPER_GROWTH,3,17.51651382446289,85.0,75.0,45.0,50.0,weak_uptrend,64.23,True,16.94,16.77,17.56,96.0,90.0,63.7,60.0,27.1,80.0,100.0,6.7,50.0,50.0,60.0,174.3618,19.7911,42.3337,154.5707,132.0281,-20.8212
NVDA,2022-12-19,short_term,WATCHLIST,54.36,medium,BEAR_RISK_OFF,HYPER_GROWTH,3,16.23686408996582,85.0,75.0,45.0,50.0,sideways,50.24,False,15.7669,15.61,16.51,65.9,50.0,66.2,48.0,27.1,69.5,100.0,6.7,50.0,50.0,60.0,3.1438,2.2683,2.0018,0.8755,1.142,-14.581
NVDA,2022-12-19,medium_term,WATCHLIST_NEEDS_CONFIRMATION,57.22,medium,BEAR_RISK_OFF,HYPER_GROWTH,3,16.23686408996582,85.0,75.0,45.0,50.0,sideways,50.24,False,15.7669,15.61,16.51,65.9,50.0,66.2,48.0,27.1,69.5,100.0,6.7,50.0,50.0,60.0,62.8676,3.5752,13.6585,59.2924,49.2091,-14.581
NVDA,2022-12-19,long_term,WATCHLIST_VALUATION_TOO_RICH,54.16,medium,BEAR_RISK_OFF,HYPER_GROWTH,3,16.23686408996582,85.0,75.0,45.0,50.0,sideways,50.24,False,15.7669,15.61,16.51,65.9,50.0,66.2,48.0,27.1,69.5,100.0,6.7,50.0,50.0,60.0,196.1262,25.0926,50.3805,171.0336,145.7457,-14.581
NVDA,2022-12-26,short_term,WATCHLIST,40.48,low,BEAR_RISK_OFF,HYPER_GROWTH,3,15.189971923828125,75.0,75.0,45.0,50.0,sideways,42.52,False,15.06,14.91,16.01,37.7,40.0,51.2,30.0,21.2,65.0,100.0,6.7,50.0,50.0,60.0,27.0748,4.9685,9.1623,22.1063,17.9125,-8.6939
NVDA,2022-12-26,medium_term,WATCHLIST_NEEDS_CONFIRMATION,52.03,medium,BEAR_RISK_OFF,HYPER_GROWTH,3,15.189971923828125,75.0,75.0,45.0,50.0,sideways,42.52,False,15.06,14.91,16.01,37.7,40.0,51.2,30.0,21.2,65.0,100.0,6.7,50.0,50.0,60.0,73.7109,4.119,16.6991,69.5919,57.0118,-8.6939
NVDA,2022-12-26,long_term,WATCHLIST_VALUATION_TOO_RICH,51.45,medium,BEAR_RISK_OFF,HYPER_GROWTH,3,15.189971923828125,75.0,75.0,45.0,50.0,sideways,42.52,False,15.06,14.91,16.01,37.7,40.0,51.2,30.0,21.2,65.0,100.0,6.7,50.0,50.0,60.0,225.1278,26.836,57.1983,198.2918,167.9295,-8.6939
NVDA,2023-01-02,short_term,WATCHLIST,42.8,low,SIDEWAYS_CHOPPY,HYPER_GROWTH,3,14.598594665527344,60.0,75.0,45.0,50.0,downtrend,41.06,False,14.44,14.3,14.6,35.7,30.0,51.2,30.0,18.8,65.0,100.0,6.7,50.0,50.0,60.0,33.6869,6.7381,11.3959,26.9488,22.291,-3.9688
NVDA,2023-01-02,medium_term,WATCHLIST_NEEDS_CONFIRMATION,51.92,medium,SIDEWAYS_CHOPPY,HYPER_GROWTH,3,14.598594665527344,60.0,75.0,45.0,50.0,downtrend,41.06,False,14.44,14.3,14.6,35.7,30.0,51.2,30.0,18.8,65.0,100.0,6.7,50.0,50.0,60.0,91.3901,8.3237,21.2362,83.0664,70.1539,-3.9688
NVDA,2023-01-02,long_term,WATCHLIST_VALUATION_TOO_RICH,50.23,medium,SIDEWAYS_CHOPPY,HYPER_GROWTH,3,14.598594665527344,60.0,75.0,45.0,50.0,downtrend,41.06,False,14.44,14.3,14.6,35.7,30.0,51.2,30.0,18.8,65.0,100.0,6.7,50.0,50.0,60.0,225.6474,24.9711,51.6493,200.6763,173.9981,-3.9688
NVDA,2023-01-09,short_term,WAIT_FOR_PULLBACK,56.37,medium,SIDEWAYS_CHOPPY,HYPER_GROWTH,3,15.61152458190918,65.0,75.0,45.0,50.0,sideways,51.91,False,15.345,15.19,16.01,70.0,40.0,66.2,40.0,18.8,65.0,100.0,6.7,50.0,50.0,60.0,41.88,7.0464,14.5413,34.8336,27.3387,-0.9982
NVDA,2023-01-09,medium_term,WATCHLIST_NEEDS_CONFIRMATION,55.42,medium,SIDEWAYS_CHOPPY,HYPER_GROWTH,3,15.61152458190918,65.0,75.0,45.0,50.0,sideways,51.91,False,15.345,15.19,16.01,70.0,40.0,66.2,40.0,18.8,65.0,100.0,6.7,50.0,50.0,60.0,73.8778,6.0392,16.9213,67.8386,56.9565,-0.9982
NVDA,2023-01-09,long_term,WATCHLIST_VALUATION_TOO_RICH,52.95,medium,SIDEWAYS_CHOPPY,HYPER_GROWTH,3,15.61152458190918,65.0,75.0,45.0,50.0,sideways,51.91,False,15.345,15.19,16.01,70.0,40.0,66.2,40.0,18.8,65.0,100.0,6.7,50.0,50.0,60.0,247.9276,24.7365,52.0375,223.1911,195.8901,-0.9982
NVDA,2023-01-16,short_term,WAIT_FOR_PULLBACK,66.51,medium_high,BULL_NARROW_LEADERSHIP,HYPER_GROWTH,3,16.881187438964844,65.0,75.0,45.0,50.0,weak_uptrend,61.1,True,16.77,16.6,16.91,70.0,75.0,61.3,83.0,18.8,81.8,100.0,6.7,50.0,50.0,60.0,28.9307,3.7861,8.1552,25.1446,20.7755,-0.9941
NVDA,2023-01-16,medium_term,BUY_ON_PULLBACK,71.39,medium_high,BULL_NARROW_LEADERSHIP,HYPER_GROWTH,3,16.881187438964844,65.0,75.0,45.0,50.0,weak_uptrend,61.1,True,16.77,16.6,16.91,70.0,75.0,61.3,83.0,18.8,81.8,100.0,6.7,50.0,50.0,60.0,59.8117,4.4623,13.4239,55.3494,46.3878,-0.9941
NVDA,2023-01-16,long_term,WATCHLIST_VALUATION_TOO_RICH,56.45,medium,BULL_NARROW_LEADERSHIP,HYPER_GROWTH,3,16.881187438964844,65.0,75.0,45.0,50.0,weak_uptrend,61.1,True,16.77,16.6,16.91,70.0,75.0,61.3,83.0,18.8,81.8,100.0,6.7,50.0,50.0,60.0,231.8414,20.539,45.636,211.3024,186.2054,-0.9941
NVDA,2023-01-23,short_term,BUY_STARTER_STRONG_BUT_EXTENDED,70.22,medium_high,BULL_NARROW_LEADERSHIP,HYPER_GROWTH,3,19.17276954650879,90.0,75.0,45.0,40.0,weak_uptrend,69.47,True,18.2769,18.09,19.25,85.7,90.0,48.8,93.0,18.8,87.0,100.0,6.7,50.0,50.0,55.0,7.6173,-0.3844,1.7546,8.0017,5.8627,-3.1939
NVDA,2023-01-23,medium_term,BUY_STARTER,76.17,medium_high,BULL_NARROW_LEADERSHIP,HYPER_GROWTH,3,19.17276954650879,90.0,75.0,45.0,40.0,weak_uptrend,69.47,True,19.17,18.09,19.25,85.7,90.0,48.8,93.0,18.8,87.0,100.0,6.7,50.0,50.0,55.0,40.919,3.3884,9.5097,37.5306,31.4093,-3.1939
NVDA,2023-01-23,long_term,WATCHLIST_VALUATION_TOO_RICH,58.23,medium,BULL_NARROW_LEADERSHIP,HYPER_GROWTH,3,19.17276954650879,90.0,75.0,45.0,40.0,weak_uptrend,69.47,True,18.2769,18.09,19.25,85.7,90.0,48.8,93.0,18.8,87.0,100.0,6.7,50.0,50.0,55.0,219.8522,22.9981,48.3846,196.8541,171.4676,-3.1939
NVDA,2023-01-30,short_term,BUY_STARTER_STRONG_BUT_EXTENDED,73.72,medium_high,BULL_NARROW_LEADERSHIP,HYPER_GROWTH,3,19.14179801940918,100.0,75.0,45.0,40.0,strong_uptrend,62.75,True,18.56,18.37,19.25,86.2,95.0,66.2,88.0,18.8,93.0,100.0,6.7,50.0,50.0,55.0,21.1565,-1.0809,1.1335,22.2374,20.023,-1.1063
NVDA,2023-01-30,medium_term,BUY_STARTER,77.32,medium_high,BULL_NARROW_LEADERSHIP,HYPER_GROWTH,3,19.14179801940918,100.0,75.0,45.0,40.0,strong_uptrend,62.75,True,19.14,18.37,19.25,86.2,95.0,66.2,88.0,18.8,93.0,100.0,6.7,50.0,50.0,55.0,50.8972,4.1204,11.1685,46.7768,39.7287,-1.1063
NVDA,2023-01-30,long_term,WATCHLIST_VALUATION_TOO_RICH,58.76,medium,BULL_NARROW_LEADERSHIP,HYPER_GROWTH,3,19.14179801940918,100.0,75.0,45.0,40.0,strong_uptrend,62.75,True,18.56,18.37,19.25,86.2,95.0,66.2,88.0,18.8,93.0,100.0,6.7,50.0,50.0,55.0,221.2312,22.3743,44.6415,198.8569,176.5897,-1.1063
NVDA,2023-02-06,short_term,BUY_STARTER_STRONG_BUT_EXTENDED,76.81,medium_high,BULL_RISK_ON,HYPER_GROWTH,3,21.0667724609375,100.0,75.0,45.0,40.0,strong_uptrend,67.86,True,20.61,20.4,21.93,90.0,95.0,53.8,81.0,18.8,93.0,100.0,6.7,50.0,50.0,55.0,10.446,-2.8207,-2.3881,13.2667,12.8341,-3.1676
NVDA,2023-02-06,medium_term,BUY_STARTER,79.51,medium_high,BULL_RISK_ON,HYPER_GROWTH,3,21.0667724609375,100.0,75.0,45.0,40.0,strong_uptrend,67.86,True,21.07,20.4,21.93,90.0,95.0,53.8,81.0,18.8,93.0,100.0,6.7,50.0,50.0,55.0,38.2519,1.0944,6.7858,37.1575,31.4661,-3.1676
NVDA,2023-02-06,long_term,WATCHLIST_VALUATION_TOO_RICH,58.95,medium,BULL_RISK_ON,HYPER_GROWTH,3,21.0667724609375,100.0,75.0,45.0,40.0,strong_uptrend,67.86,True,20.61,20.4,21.93,90.0,95.0,53.8,81.0,18.8,93.0,100.0,6.7,50.0,50.0,55.0,232.5435,23.3854,43.277,209.1581,189.2665,-3.1676
NVDA,2023-02-13,short_term,BUY_STARTER_STRONG_BUT_EXTENDED,76.16,medium_high,BULL_RISK_ON,HYPER_GROWTH,3,21.765029907226562,100.0,75.0,45.0,40.0,strong_uptrend,65.3,True,21.205,20.99,21.93,91.2,95.0,53.8,81.0,18.8,87.0,100.0,6.7,50.0,50.0,55.0,10.4603,-5.1111,-2.3415,15.5714,12.8018,-6.2741
NVDA,2023-02-13,medium_term,BUY_STARTER,78.57,medium_high,BULL_RISK_ON,HYPER_GROWTH,3,21.765029907226562,100.0,75.0,45.0,40.0,strong_uptrend,65.3,True,21.77,20.99,21.93,91.2,95.0,53.8,81.0,18.8,87.0,100.0,6.7,50.0,50.0,55.0,32.9076,0.4254,7.4863,32.4822,25.4213,-6.2741
NVDA,2023-02-13,long_term,WATCHLIST_VALUATION_TOO_RICH,59.01,medium,BULL_RISK_ON,HYPER_GROWTH,3,21.765029907226562,100.0,75.0,45.0,40.0,strong_uptrend,65.3,True,21.205,20.99,21.93,91.2,95.0,53.8,81.0,18.8,87.0,100.0,6.7,50.0,50.0,55.0,239.3281,22.6044,43.2556,216.7237,196.0725,-6.2741
NVDA,2023-02-20,short_term,BUY_STARTER_STRONG_BUT_EXTENDED,76.47,medium_high,BULL_RISK_ON,HYPER_GROWTH,3,21.365453720092773,100.0,75.0,45.0,40.0,strong_uptrend,57.53,True,21.205,20.99,21.93,89.4,95.0,67.5,71.0,18.8,87.0,100.0,6.7,50.0,50.0,55.0,21.1165,-0.964,4.2219,22.0805,16.8946,-4.5212
NVDA,2023-02-20,medium_term,BUY_STARTER,77.01,medium_high,BULL_RISK_ON,HYPER_GROWTH,3,21.365453720092773,100.0,75.0,45.0,40.0,strong_uptrend,57.53,True,21.37,20.99,21.93,89.4,95.0,67.5,71.0,18.8,87.0,100.0,6.7,50.0,50.0,55.0,46.2003,5.294,14.6247,40.9063,31.5756,-4.5212
NVDA,2023-02-20,long_term,WATCHLIST_VALUATION_TOO_RICH,58.91,medium,BULL_RISK_ON,HYPER_GROWTH,3,21.365453720092773,100.0,75.0,45.0,40.0,strong_uptrend,57.53,True,21.205,20.99,21.93,89.4,95.0,67.5,71.0,18.8,87.0,100.0,6.7,50.0,50.0,55.0,215.6066,26.4795,45.7507,189.1271,169.8559,-4.5212
NVDA,2023-02-27,short_term,BUY_STARTER_STRONG_BUT_EXTENDED,78.9,medium_high,BULL_RISK_ON,HYPER_GROWTH,3,23.476226806640625,100.0,75.0,45.0,50.0,strong_uptrend,64.65,True,23.005,22.77,24.02,98.5,95.0,61.3,70.0,18.8,93.0,100.0,6.7,50.0,50.0,60.0,12.9123,0.0687,5.2045,12.8436,7.7078,-5.1071
NVDA,2023-02-27,medium_term,BUY_STARTER,78.31,medium_high,BULL_RISK_ON,HYPER_GROWTH,3,23.476226806640625,100.0,75.0,45.0,50.0,strong_uptrend,64.65,True,23.48,22.77,24.02,98.5,95.0,61.3,70.0,18.8,93.0,100.0,6.7,50.0,50.0,60.0,65.7488,6.0073,18.7111,59.7415,47.0377,-5.1071
NVDA,2023-02-27,long_term,WATCHLIST_VALUATION_TOO_RICH,59.87,medium,BULL_RISK_ON,HYPER_GROWTH,3,23.476226806640625,100.0,75.0,45.0,50.0,strong_uptrend,64.65,True,23.005,22.77,24.02,98.5,95.0,61.3,70.0,18.8,93.0,100.0,6.7,50.0,50.0,60.0,230.6134,29.2219,49.1044,201.3915,181.509,-5.1071
NVDA,2023-03-06,short_term,BUY_STARTER_STRONG_BUT_EXTENDED,76.34,medium_high,BULL_RISK_ON,HYPER_GROWTH,3,23.5291690826416,100.0,75.0,45.0,50.0,strong_uptrend,61.79,True,23.005,22.77,23.86,98.2,95.0,68.8,55.0,18.8,87.8,100.0,6.7,50.0,50.0,60.0,18.7474,1.9898,6.8747,16.7576,11.8727,-5.3206
NVDA,2023-03-06,medium_term,BUY_STARTER,75.15,medium_high,BULL_RISK_ON,HYPER_GROWTH,3,23.5291690826416,100.0,75.0,45.0,50.0,strong_uptrend,61.79,True,23.53,22.77,23.86,98.2,95.0,68.8,55.0,18.8,87.8,100.0,6.7,50.0,50.0,60.0,66.3312,5.998,18.4752,60.3332,47.856,-5.3206
NVDA,2023-03-06,long_term,WATCHLIST_VALUATION_TOO_RICH,59.85,medium,BULL_RISK_ON,HYPER_GROWTH,3,23.5291690826416,100.0,75.0,45.0,50.0,strong_uptrend,61.79,True,23.005,22.77,23.86,98.2,95.0,68.8,55.0,18.8,87.8,100.0,6.7,50.0,50.0,60.0,276.7663,27.9446,47.2641,248.8217,229.5022,-5.3206
NVDA,2023-03-13,short_term,WAIT_FOR_PULLBACK,59.05,medium,SIDEWAYS_CHOPPY,HYPER_GROWTH,3,22.945690155029297,100.0,75.0,45.0,50.0,strong_uptrend,55.29,False,22.41,22.19,23.12,77.6,100.0,70.0,23.0,18.8,87.8,100.0,6.7,50.0,50.0,60.0,18.301,6.7272,8.8166,11.5738,9.4844,1.7156
NVDA,2023-03-13,medium_term,BUY_STARTER,68.29,medium_high,SIDEWAYS_CHOPPY,HYPER_GROWTH,3,22.945690155029297,100.0,75.0,45.0,50.0,strong_uptrend,55.29,False,22.95,22.19,23.12,77.6,100.0,70.0,23.0,18.8,87.8,100.0,6.7,50.0,50.0,60.0,71.9328,12.9997,24.2038,58.9331,47.729,1.7156
NVDA,2023-03-13,long_term,WATCHLIST_VALUATION_TOO_RICH,59.33,medium,SIDEWAYS_CHOPPY,HYPER_GROWTH,3,22.945690155029297,100.0,75.0,45.0,50.0,strong_uptrend,55.29,False,22.41,22.19,23.12,77.6,100.0,70.0,23.0,18.8,87.8,100.0,6.7,50.0,50.0,60.0,295.8771,35.928,52.4964,259.9491,243.3807,1.7156
NVDA,2023-03-20,short_term,WAIT_FOR_PULLBACK,69.22,medium_high,SIDEWAYS_CHOPPY,HYPER_GROWTH,3,25.877090454101562,100.0,75.0,45.0,50.0,strong_uptrend,69.04,True,25.53,25.27,26.38,89.6,100.0,51.2,62.0,31.8,100.0,100.0,6.7,50.0,50.0,60.0,6.8224,5.1988,4.2128,1.6236,2.6096,-2.0038
NVDA,2023-03-20,medium_term,BUY_STARTER,75.97,medium_high,SIDEWAYS_CHOPPY,HYPER_GROWTH,3,25.877090454101562,100.0,75.0,45.0,50.0,strong_uptrend,69.04,True,25.88,25.27,26.38,89.6,100.0,51.2,62.0,31.8,100.0,100.0,6.7,50.0,50.0,60.0,69.1604,11.4451,20.0782,57.7153,49.0822,-2.0038
NVDA,2023-03-20,long_term,WATCHLIST_VALUATION_TOO_RICH,60.58,medium,SIDEWAYS_CHOPPY,HYPER_GROWTH,3,25.877090454101562,100.0,75.0,45.0,50.0,strong_uptrend,69.04,True,25.53,25.27,26.38,89.6,100.0,51.2,62.0,31.8,100.0,100.0,6.7,50.0,50.0,60.0,249.0386,34.103,46.0063,214.9356,203.0323,-2.0038
NVDA,2023-03-27,short_term,WAIT_FOR_PULLBACK,69.44,medium_high,SIDEWAYS_CHOPPY,HYPER_GROWTH,3,26.507535934448242,95.0,75.0,45.0,50.0,strong_uptrend,67.55,True,26.275,26.01,27.19,90.6,95.0,56.2,66.0,31.8,87.8,100.0,6.7,50.0,50.0,60.0,-1.0931,2.4187,0.3984,-3.5118,-1.4915,-2.5668
NVDA,2023-03-27,medium_term,BUY_STARTER,73.74,medium_high,SIDEWAYS_CHOPPY,HYPER_GROWTH,3,26.507535934448242,95.0,75.0,45.0,50.0,strong_uptrend,67.55,True,26.51,26.01,27.19,90.6,95.0,56.2,66.0,31.8,87.8,100.0,6.7,50.0,50.0,60.0,57.8543,10.4165,17.9975,47.4378,39.8568,-2.5668
NVDA,2023-03-27,long_term,WATCHLIST_VALUATION_TOO_RICH,60.12,medium,SIDEWAYS_CHOPPY,HYPER_GROWTH,3,26.507535934448242,95.0,75.0,45.0,50.0,strong_uptrend,67.55,True,26.275,26.01,27.19,90.6,95.0,56.2,66.0,31.8,87.8,100.0,6.7,50.0,50.0,60.0,240.2772,33.8612,45.0325,206.416,195.2447,-2.5668
NVDA,2023-04-03,short_term,BUY_STARTER_STRONG_BUT_EXTENDED,77.43,medium_high,BULL_RISK_ON,HYPER_GROWTH,3,27.94026756286621,85.0,75.0,45.0,50.0,strong_uptrend,73.5,True,27.16,26.89,28.31,91.0,100.0,38.8,81.0,36.5,100.0,100.0,6.7,50.0,50.0,60.0,0.8761,-0.0268,-0.2405,0.9029,1.1166,-6.24
NVDA,2023-04-03,medium_term,BUY_STARTER,82.17,high,BULL_RISK_ON,HYPER_GROWTH,3,27.94026756286621,85.0,75.0,45.0,50.0,strong_uptrend,73.5,True,27.94,26.89,28.31,91.0,100.0,38.8,81.0,36.5,100.0,100.0,6.7,50.0,50.0,60.0,51.337,8.2312,15.817,43.1058,35.52,-6.24
NVDA,2023-04-03,long_term,WATCHLIST_VALUATION_TOO_RICH,60.88,medium,BULL_RISK_ON,HYPER_GROWTH,3,27.94026756286621,85.0,75.0,45.0,50.0,strong_uptrend,73.5,True,27.16,26.89,28.31,91.0,100.0,38.8,81.0,36.5,100.0,100.0,6.7,50.0,50.0,60.0,207.286,26.6577,36.8887,180.6283,170.3973,-6.24
NVDA,2023-04-10,short_term,BUY_STARTER_STRONG_BUT_EXTENDED,76.26,medium_high,BULL_RISK_ON,HYPER_GROWTH,3,27.554609298706055,100.0,75.0,45.0,50.0,strong_uptrend,65.89,True,27.16,26.89,27.98,80.8,100.0,56.2,71.0,36.5,100.0,100.0,6.7,50.0,50.0,60.0,5.7,0.7641,1.8309,4.9359,3.8691,-4.9277
NVDA,2023-04-10,medium_term,BUY_STARTER,80.61,high,BULL_RISK_ON,HYPER_GROWTH,3,27.554609298706055,100.0,75.0,45.0,50.0,strong_uptrend,65.89,True,27.55,26.89,27.98,80.8,100.0,56.2,71.0,36.5,100.0,100.0,6.7,50.0,50.0,60.0,53.7742,8.4211,15.983,45.3531,37.7912,-4.9277
NVDA,2023-04-10,long_term,WATCHLIST_VALUATION_TOO_RICH,60.37,medium,BULL_RISK_ON,HYPER_GROWTH,3,27.554609298706055,100.0,75.0,45.0,50.0,strong_uptrend,65.89,True,27.16,26.89,27.98,80.8,100.0,56.2,71.0,36.5,100.0,100.0,6.7,50.0,50.0,60.0,215.7,27.3321,38.8301,188.3679,176.8699,-4.9277
NVDA,2023-04-17,short_term,BUY_NOW_MOMENTUM,80.75,high,BULL_RISK_ON,HYPER_GROWTH,3,26.978118896484375,100.0,75.0,45.0,50.0,strong_uptrend,58.98,False,26.32,26.06,27.19,87.4,95.0,72.5,71.0,36.5,94.8,100.0,6.7,50.0,50.0,60.0,7.2254,-0.2247,2.4934,7.4501,4.732,-2.8776
NVDA,2023-04-17,medium_term,BUY_NOW,78.75,medium_high,BULL_RISK_ON,HYPER_GROWTH,3,26.978118896484375,100.0,75.0,45.0,50.0,strong_uptrend,58.98,False,26.98,26.06,27.19,87.4,95.0,72.5,71.0,36.5,94.8,100.0,6.7,50.0,50.0,60.0,75.9088,10.1312,21.1483,65.7776,54.7605,-2.8776
NVDA,2023-04-17,long_term,WATCHLIST_VALUATION_TOO_RICH,60.2,medium,BULL_RISK_ON,HYPER_GROWTH,3,26.978118896484375,100.0,75.0,45.0,50.0,strong_uptrend,58.98,False,26.32,26.06,27.19,87.4,95.0,72.5,71.0,36.5,94.8,100.0,6.7,50.0,50.0,60.0,211.3175,22.6744,34.4516,188.6431,176.8659,-2.8776
NVDA,2023-04-24,short_term,BUY_NOW_MOMENTUM,72.01,medium_high,BULL_RISK_ON,HYPER_GROWTH,3,27.01807975769043,100.0,75.0,45.0,40.0,strong_uptrend,55.87,False,26.32,26.06,27.19,71.4,80.0,66.2,63.0,36.5,90.2,100.0,6.7,50.0,50.0,55.0,15.2873,1.4929,6.865,13.7944,8.4223,-3.0212
NVDA,2023-04-24,medium_term,BUY_NOW,73.13,medium_high,BULL_RISK_ON,HYPER_GROWTH,3,27.01807975769043,100.0,75.0,45.0,40.0,strong_uptrend,55.87,False,27.02,26.06,27.19,71.4,80.0,66.2,63.0,36.5,90.2,100.0,6.7,50.0,50.0,55.0,68.9362,10.7849,20.0505,58.1513,48.8857,-3.0212
NVDA,2023-04-24,long_term,WATCHLIST_VALUATION_TOO_RICH,57.4,medium,BULL_RISK_ON,HYPER_GROWTH,3,27.01807975769043,100.0,75.0,45.0,40.0,strong_uptrend,55.87,False,26.32,26.06,27.19,71.4,80.0,66.2,63.0,36.5,90.2,100.0,6.7,50.0,50.0,55.0,194.7362,24.2588,35.8949,170.4774,158.8413,-3.0212
NVDA,2023-05-01,short_term,BUY_NOW_MOMENTUM,77.53,medium_high,BULL_RISK_ON,HYPER_GROWTH,3,28.884428024291992,100.0,75.0,45.0,40.0,strong_uptrend,66.83,False,26.6,26.33,28.89,87.4,95.0,51.2,80.0,36.5,94.8,100.0,6.7,50.0,50.0,55.0,38.7444,1.1239,8.6253,37.6205,30.1191,-5.7765
NVDA,2023-05-01,medium_term,BUY_NOW,79.64,medium_high,BULL_RISK_ON,HYPER_GROWTH,3,28.884428024291992,100.0,75.0,45.0,40.0,strong_uptrend,66.83,False,28.88,26.33,28.89,87.4,95.0,51.2,80.0,36.5,94.8,100.0,6.7,50.0,50.0,55.0,60.8849,10.2683,18.9717,50.6166,41.9132,-5.7765
NVDA,2023-05-01,long_term,WATCHLIST_VALUATION_TOO_RICH,59.7,medium,BULL_RISK_ON,HYPER_GROWTH,3,28.884428024291992,100.0,75.0,45.0,40.0,strong_uptrend,66.83,False,26.6,26.33,28.89,87.4,95.0,51.2,80.0,36.5,94.8,100.0,6.7,50.0,50.0,55.0,187.3318,22.1621,31.7039,165.1697,155.6279,-5.7765
NVDA,2023-05-08,short_term,BUY_NOW_MOMENTUM,79.78,medium_high,BULL_RISK_ON,HYPER_GROWTH,3,29.125213623046875,100.0,75.0,45.0,40.0,strong_uptrend,64.03,False,27.22,26.95,32.04,95.5,95.0,63.7,73.0,36.5,87.8,100.0,6.7,50.0,50.0,55.0,32.5993,3.7045,9.6234,28.8948,22.9759,-3.7906
NVDA,2023-05-08,medium_term,BUY_NOW,77.45,medium_high,BULL_RISK_ON,HYPER_GROWTH,3,29.125213623046875,100.0,75.0,45.0,40.0,strong_uptrend,64.03,False,29.13,26.95,32.04,95.5,95.0,63.7,73.0,36.5,87.8,100.0,6.7,50.0,50.0,55.0,53.2319,9.1285,15.0824,44.1034,38.1495,-3.7906
NVDA,2023-05-08,long_term,WATCHLIST_VALUATION_TOO_RICH,60.1,medium,BULL_RISK_ON,HYPER_GROWTH,3,29.125213623046875,100.0,75.0,45.0,40.0,strong_uptrend,64.03,False,27.22,26.95,32.04,95.5,95.0,63.7,73.0,36.5,87.8,100.0,6.7,50.0,50.0,55.0,210.2501,27.1211,36.8595,183.129,173.3906,-3.7906
NVDA,2023-05-15,short_term,BUY_NOW_MOMENTUM,75.71,medium_high,BULL_RISK_ON,HYPER_GROWTH,3,28.92738914489746,100.0,75.0,45.0,40.0,strong_uptrend,59.98,False,28.02,27.74,29.12,85.6,95.0,68.8,58.0,43.5,87.8,100.0,6.7,50.0,50.0,55.0,41.6995,5.7262,11.1601,35.9733,30.5394,-0.4179
NVDA,2023-05-15,medium_term,BUY_NOW,75.1,medium_high,BULL_RISK_ON,HYPER_GROWTH,3,28.92738914489746,100.0,75.0,45.0,40.0,strong_uptrend,59.98,False,28.93,27.74,29.12,85.6,95.0,68.8,58.0,43.5,87.8,100.0,6.7,50.0,50.0,55.0,51.7789,7.633,12.2809,44.1459,39.498,-0.4179
NVDA,2023-05-15,long_term,WATCHLIST_VALUATION_TOO_RICH,59.96,medium,BULL_RISK_ON,HYPER_GROWTH,3,28.92738914489746,100.0,75.0,45.0,40.0,strong_uptrend,59.98,False,28.02,27.74,29.12,85.6,95.0,68.8,58.0,43.5,87.8,100.0,6.7,50.0,50.0,55.0,226.9449,30.1304,39.5166,196.8145,187.4283,-0.4179
NVDA,2023-05-22,short_term,BUY_STARTER_STRONG_BUT_EXTENDED,76.51,medium_high,BULL_RISK_ON,HYPER_GROWTH,3,31.148426055908203,95.0,75.0,45.0,40.0,strong_uptrend,68.33,True,28.02,27.74,31.8,88.6,100.0,48.8,68.0,52.9,94.8,100.0,6.7,50.0,50.0,55.0,38.0852,4.2421,7.3322,33.8431,30.753,-4.3944
NVDA,2023-05-22,medium_term,BUY_STARTER,78.8,medium_high,BULL_RISK_ON,HYPER_GROWTH,3,31.148426055908203,95.0,75.0,45.0,40.0,strong_uptrend,68.33,True,31.15,27.74,31.8,88.6,100.0,48.8,68.0,52.9,94.8,100.0,6.7,50.0,50.0,55.0,46.4996,5.0115,7.7711,41.4881,38.7285,-4.3944
NVDA,2023-05-22,long_term,WATCHLIST_VALUATION_TOO_RICH,61.08,medium,BULL_RISK_ON,HYPER_GROWTH,3,31.148426055908203,95.0,75.0,45.0,40.0,strong_uptrend,68.33,True,28.02,27.74,31.8,88.6,100.0,48.8,68.0,52.9,94.8,100.0,6.7,50.0,50.0,55.0,204.6589,28.3466,35.8711,176.3123,168.7878,-4.3944
NVDA,2023-05-29,short_term,BUY_STARTER_STRONG_BUT_EXTENDED,79.07,medium_high,BULL_RISK_ON,HYPER_GROWTH,3,38.91156005859375,75.0,75.0,45.0,50.0,strong_uptrend,83.7,True,29.78,29.48,39.45,83.7,100.0,38.8,93.0,45.9,100.0,100.0,6.7,50.0,50.0,60.0,7.5343,4.1911,4.1,3.3432,3.4343,-4.0727
NVDA,2023-05-29,medium_term,BUY_STARTER,84.05,high,BULL_RISK_ON,HYPER_GROWTH,3,38.91156005859375,75.0,75.0,45.0,50.0,strong_uptrend,83.7,True,38.91,29.48,39.45,83.7,100.0,38.8,93.0,45.9,100.0,100.0,6.7,50.0,50.0,60.0,20.2687,5.7653,4.9383,14.5034,15.3304,-4.0727
NVDA,2023-05-29,long_term,WATCHLIST_VALUATION_TOO_RICH,60.98,medium,BULL_RISK_ON,HYPER_GROWTH,3,38.91156005859375,75.0,75.0,45.0,50.0,strong_uptrend,83.7,True,29.78,29.48,39.45,83.7,100.0,38.8,93.0,45.9,100.0,100.0,6.7,50.0,50.0,60.0,194.9258,27.0214,31.2904,167.9044,163.6354,-4.0727
NVDA,2023-06-05,short_term,BUY_STARTER_STRONG_BUT_EXTENDED,71.35,medium_high,BULL_RISK_ON,HYPER_GROWTH,3,39.1363525390625,85.0,75.0,45.0,50.0,strong_uptrend,72.78,True,37.79,37.41,39.45,92.0,100.0,41.2,47.0,41.2,100.0,100.0,6.7,50.0,50.0,60.0,8.0426,4.1386,4.4767,3.904,3.5659,-4.6237
NVDA,2023-06-05,medium_term,BUY_STARTER,76.85,medium_high,BULL_RISK_ON,HYPER_GROWTH,3,39.1363525390625,85.0,75.0,45.0,50.0,strong_uptrend,72.78,True,39.14,37.41,39.45,92.0,100.0,41.2,47.0,41.2,100.0,100.0,6.7,50.0,50.0,60.0,23.9515,5.5745,6.6747,18.377,17.2768,-4.6237
NVDA,2023-06-05,long_term,WATCHLIST_VALUATION_TOO_RICH,61.16,medium,BULL_RISK_ON,HYPER_GROWTH,3,39.1363525390625,85.0,75.0,45.0,50.0,strong_uptrend,72.78,True,37.79,37.41,39.45,92.0,100.0,41.2,47.0,41.2,100.0,100.0,6.7,50.0,50.0,60.0,212.6784,26.999,31.4814,185.6794,181.197,-4.6237
NVDA,2023-06-12,short_term,BUY_STARTER_STRONG_BUT_EXTENDED,75.17,medium_high,BULL_RISK_ON,HYPER_GROWTH,3,39.45116424560547,100.0,75.0,45.0,50.0,strong_uptrend,69.28,True,37.79,37.41,39.57,92.0,100.0,53.8,52.0,41.2,100.0,100.0,6.7,50.0,50.0,60.0,11.195,3.1989,3.5622,7.9961,7.6328,0.6535
NVDA,2023-06-12,medium_term,BUY_STARTER,77.63,medium_high,BULL_RISK_ON,HYPER_GROWTH,3,39.45116424560547,100.0,75.0,45.0,50.0,strong_uptrend,69.28,True,39.45,37.41,39.57,92.0,100.0,53.8,52.0,41.2,100.0,100.0,6.7,50.0,50.0,60.0,13.6561,3.1919,3.5539,10.4642,10.1022,0.6535
NVDA,2023-06-12,long_term,WATCHLIST_VALUATION_TOO_RICH,61.16,medium,BULL_RISK_ON,HYPER_GROWTH,3,39.45116424560547,100.0,75.0,45.0,50.0,strong_uptrend,69.28,True,37.79,37.41,39.57,92.0,100.0,53.8,52.0,41.2,100.0,100.0,6.7,50.0,50.0,60.0,217.2015,26.602,32.4082,190.5995,184.7933,-0.6301
NVDA,2023-06-19,short_term,BUY_STARTER_STRONG_BUT_EXTENDED,75.11,medium_high,BULL_RISK_ON,HYPER_GROWTH,3,42.658653259277344,80.0,75.0,45.0,50.0,strong_uptrend,74.56,True,37.79,37.41,46.92,92.0,100.0,41.2,62.0,45.9,100.0,100.0,6.7,50.0,50.0,60.0,11.248,3.8909,5.1349,7.3571,6.1131,-6.0714
NVDA,2023-06-19,medium_term,BUY_STARTER,79.2,medium_high,BULL_RISK_ON,HYPER_GROWTH,3,42.658653259277344,80.0,75.0,45.0,50.0,strong_uptrend,74.56,True,42.66,37.41,46.92,92.0,100.0,41.2,62.0,45.9,100.0,100.0,6.7,50.0,50.0,60.0,2.9926,1.8333,1.171,1.1593,1.8216,-6.0714
NVDA,2023-06-19,long_term,WATCHLIST_VALUATION_TOO_RICH,61.4,medium,BULL_RISK_ON,HYPER_GROWTH,3,42.658653259277344,80.0,75.0,45.0,50.0,strong_uptrend,74.56,True,37.79,37.41,46.92,92.0,100.0,41.2,62.0,45.9,100.0,100.0,6.7,50.0,50.0,60.0,217.6721,26.8067,32.9472,190.8654,184.7249,-8.1017
NVDA,2023-06-26,short_term,BUY_STARTER_STRONG_BUT_EXTENDED,71.45,medium_high,BULL_RISK_ON,HYPER_GROWTH,3,40.60026550292969,95.0,75.0,45.0,50.0,strong_uptrend,59.01,True,37.79,37.41,41.9,80.0,100.0,70.0,41.0,41.2,90.2,100.0,6.7,50.0,50.0,60.0,12.4212,5.5628,5.8991,6.8584,6.5221,-0.4529
NVDA,2023-06-26,medium_term,BUY_STARTER,74.38,medium_high,BULL_RISK_ON,HYPER_GROWTH,3,40.60026550292969,95.0,75.0,45.0,50.0,strong_uptrend,59.01,True,40.6,37.41,41.9,80.0,100.0,70.0,41.0,41.2,90.2,100.0,6.7,50.0,50.0,60.0,3.9217,0.5365,0.6851,3.3852,3.2366,-0.79
NVDA,2023-06-26,long_term,WATCHLIST_VALUATION_TOO_RICH,60.56,medium,BULL_RISK_ON,HYPER_GROWTH,3,40.60026550292969,95.0,75.0,45.0,50.0,strong_uptrend,59.01,True,37.79,37.41,41.9,80.0,100.0,70.0,41.0,41.2,90.2,100.0,6.7,50.0,50.0,60.0,211.178,28.2079,35.2285,182.9701,175.9495,-3.4425
NVDA,2023-07-03,short_term,BUY_STARTER_STRONG_BUT_EXTENDED,78.58,medium_high,BULL_RISK_ON,HYPER_GROWTH,3,42.37986755371094,95.0,75.0,45.0,50.0,strong_uptrend,62.95,True,42.05,41.63,43.96,100.0,100.0,72.5,44.0,45.9,90.2,100.0,6.7,50.0,50.0,60.0,9.6527,2.8595,3.3757,6.7932,6.277,-2.5157
NVDA,2023-07-03,medium_term,BUY_STARTER,74.85,medium_high,BULL_RISK_ON,HYPER_GROWTH,3,42.37986755371094,95.0,75.0,45.0,50.0,strong_uptrend,62.95,True,42.38,41.63,43.96,100.0,100.0,72.5,44.0,45.9,90.2,100.0,6.7,50.0,50.0,60.0,5.5943,-3.3738,-2.2974,8.9681,7.8917,-4.956
NVDA,2023-07-03,long_term,WATCHLIST_VALUATION_TOO_RICH,61.8,medium,BULL_RISK_ON,HYPER_GROWTH,3,42.37986755371094,95.0,75.0,45.0,50.0,strong_uptrend,62.95,True,42.05,41.63,43.96,100.0,100.0,72.5,44.0,45.9,90.2,100.0,6.7,50.0,50.0,60.0,202.545,25.9996,33.5247,176.5454,169.0203,-7.4971
NVDA,2023-07-10,short_term,BUY_STARTER_STRONG_BUT_EXTENDED,75.31,medium_high,BULL_RISK_ON,HYPER_GROWTH,3,42.14706039428711,95.0,75.0,45.0,50.0,strong_uptrend,60.65,True,42.05,41.63,43.16,90.0,100.0,72.5,38.0,45.9,94.8,100.0,6.7,50.0,50.0,60.0,7.6742,2.5133,2.4102,5.1609,5.264,-0.2679
NVDA,2023-07-10,medium_term,BUY_STARTER,74.63,medium_high,BULL_RISK_ON,HYPER_GROWTH,3,42.14706039428711,95.0,75.0,45.0,50.0,strong_uptrend,60.65,True,42.15,41.63,43.16,90.0,100.0,72.5,38.0,45.9,94.8,100.0,6.7,50.0,50.0,60.0,8.5011,-1.9572,-0.309,10.4583,8.8101,-4.431
NVDA,2023-07-10,long_term,WATCHLIST_VALUATION_TOO_RICH,61.3,medium,BULL_RISK_ON,HYPER_GROWTH,3,42.14706039428711,95.0,75.0,45.0,50.0,strong_uptrend,60.65,True,42.05,41.63,43.16,90.0,100.0,72.5,38.0,45.9,94.8,100.0,6.7,50.0,50.0,60.0,219.9392,29.4572,38.2332,190.482,181.706,-6.9862
NVDA,2023-07-17,short_term,WAIT_FOR_PULLBACK,68.53,medium_high,BULL_RISK_ON,HYPER_GROWTH,3,46.42470932006836,80.0,75.0,45.0,50.0,strong_uptrend,72.34,True,42.05,41.63,48.05,92.0,100.0,36.2,44.0,45.9,90.2,100.0,6.7,50.0,50.0,60.0,-5.8285,-0.6055,-3.2043,-5.223,-2.6242,-13.2369
NVDA,2023-07-17,medium_term,BUY_STARTER,74.85,medium_high,BULL_RISK_ON,HYPER_GROWTH,3,46.42470932006836,80.0,75.0,45.0,50.0,strong_uptrend,72.34,True,46.42,41.63,48.05,92.0,100.0,36.2,44.0,45.9,90.2,100.0,6.7,50.0,50.0,60.0,-2.1443,-3.9522,-4.3912,1.8079,2.2469,-13.2369
NVDA,2023-07-17,long_term,WATCHLIST_VALUATION_TOO_RICH,61.4,medium,BULL_RISK_ON,HYPER_GROWTH,3,46.42470932006836,80.0,75.0,45.0,50.0,strong_uptrend,72.34,True,42.05,41.63,48.05,92.0,100.0,36.2,44.0,45.9,90.2,100.0,6.7,50.0,50.0,60.0,154.031,25.2618,26.7857,128.7692,127.2453,-15.5566
NVDA,2023-07-24,short_term,WAIT_FOR_PULLBACK,68.52,medium_high,BULL_RISK_ON,HYPER_GROWTH,3,44.5771484375,100.0,75.0,45.0,40.0,strong_uptrend,57.7,False,42.05,41.63,47.95,80.0,100.0,70.0,30.0,41.2,90.2,100.0,6.7,50.0,50.0,55.0,5.2789,-3.2717,-3.2773,8.5506,8.5562,-9.6409
NVDA,2023-07-24,medium_term,BUY_NOW,72.14,medium_high,BULL_RISK_ON,HYPER_GROWTH,3,44.5771484375,100.0,75.0,45.0,40.0,strong_uptrend,57.7,False,44.58,41.63,47.95,80.0,100.0,70.0,30.0,41.2,90.2,100.0,6.7,50.0,50.0,55.0,-7.2213,-6.9406,-5.6127,-0.2807,-1.6086,-9.6409
NVDA,2023-07-24,long_term,WATCHLIST_VALUATION_TOO_RICH,60.06,medium,BULL_RISK_ON,HYPER_GROWTH,3,44.5771484375,100.0,75.0,45.0,40.0,strong_uptrend,57.7,False,42.05,41.63,47.95,80.0,100.0,70.0,30.0,41.2,90.2,100.0,6.7,50.0,50.0,55.0,156.1737,20.8279,24.014,135.3458,132.1597,-12.0568
NVDA,2023-07-31,short_term,BUY_NOW_MOMENTUM,74.94,medium_high,BULL_RISK_ON,HYPER_GROWTH,3,46.6925048828125,100.0,75.0,45.0,40.0,strong_uptrend,64.63,False,44.6,44.15,47.36,100.0,100.0,68.8,30.0,45.9,94.8,100.0,6.7,50.0,50.0,55.0,0.2268,-3.2832,-4.4099,3.51,4.6367,-13.7345
NVDA,2023-07-31,medium_term,BUY_NOW,72.86,medium_high,BULL_RISK_ON,HYPER_GROWTH,3,46.6925048828125,100.0,75.0,45.0,40.0,strong_uptrend,64.63,False,46.69,44.15,47.36,100.0,100.0,68.8,30.0,45.9,94.8,100.0,6.7,50.0,50.0,55.0,-13.3229,-9.9743,-9.8702,-3.3486,-3.4527,-14.6498
NVDA,2023-07-31,long_term,WATCHLIST_VALUATION_TOO_RICH,61.3,medium,BULL_RISK_ON,HYPER_GROWTH,3,46.6925048828125,100.0,75.0,45.0,40.0,strong_uptrend,64.63,False,44.6,44.15,47.36,100.0,100.0,68.8,30.0,45.9,94.8,100.0,6.7,50.0,50.0,55.0,150.4976,22.0023,23.6241,128.4953,126.8735,-16.0409
NVDA,2023-08-07,short_term,BUY_NOW_MOMENTUM,72.64,medium_high,BULL_RISK_ON,HYPER_GROWTH,3,45.38153076171875,100.0,75.0,45.0,40.0,strong_uptrend,56.05,False,44.6,44.15,45.61,88.9,80.0,68.8,43.0,41.2,85.0,100.0,6.7,50.0,50.0,55.0,6.8939,-0.3261,0.7676,7.22,6.1263,-11.2425
NVDA,2023-08-07,medium_term,BUY_STARTER,69.19,medium_high,BULL_RISK_ON,HYPER_GROWTH,3,45.38153076171875,100.0,75.0,45.0,40.0,strong_uptrend,56.05,False,45.38,44.15,45.61,88.9,80.0,68.8,43.0,41.2,85.0,100.0,6.7,50.0,50.0,55.0,-0.899,-3.2142,-1.8518,2.3152,0.9528,-13.6155
NVDA,2023-08-07,long_term,WATCHLIST_VALUATION_TOO_RICH,58.51,medium,BULL_RISK_ON,HYPER_GROWTH,3,45.38153076171875,100.0,75.0,45.0,40.0,strong_uptrend,56.05,False,44.6,44.15,45.61,88.9,80.0,68.8,43.0,41.2,85.0,100.0,6.7,50.0,50.0,55.0,117.8471,16.6858,16.6797,101.1613,101.1674,-13.6155
NVDA,2023-08-14,short_term,WAIT_FOR_PULLBACK,59.07,medium,BULL_RISK_ON,HYPER_GROWTH,3,43.71882247924805,80.0,75.0,45.0,40.0,sideways,49.76,False,43.35,42.92,43.96,60.3,70.0,68.8,30.0,31.8,72.8,100.0,6.7,50.0,50.0,55.0,2.5614,-0.4731,0.6588,3.0345,1.9026,-4.7837
NVDA,2023-08-14,medium_term,BUY_STARTER,63.17,medium,BULL_RISK_ON,HYPER_GROWTH,3,43.71882247924805,80.0,75.0,45.0,40.0,sideways,49.76,False,43.72,42.92,43.96,60.3,70.0,68.8,30.0,31.8,72.8,100.0,6.7,50.0,50.0,55.0,10.4815,-1.3269,2.3188,11.8084,8.1627,-10.3302
NVDA,2023-08-14,long_term,WATCHLIST_VALUATION_TOO_RICH,55.61,medium,BULL_RISK_ON,HYPER_GROWTH,3,43.71882247924805,80.0,75.0,45.0,40.0,sideways,49.76,False,43.35,42.92,43.96,60.3,70.0,68.8,30.0,31.8,72.8,100.0,6.7,50.0,50.0,55.0,169.9595,23.0402,25.8062,146.9193,144.1533,-10.3302
NVDA,2023-08-21,short_term,WAIT_FOR_PULLBACK,64.84,medium,SIDEWAYS_CHOPPY,HYPER_GROWTH,3,46.930320739746094,100.0,75.0,45.0,40.0,strong_uptrend,61.69,False,44.6,44.15,47.23,93.4,80.0,61.3,38.0,36.5,83.2,100.0,6.7,50.0,50.0,55.0,-7.3316,1.1225,1.7877,-8.4541,-9.1193,-10.5682
NVDA,2023-08-21,medium_term,BUY_STARTER,65.35,medium_high,SIDEWAYS_CHOPPY,HYPER_GROWTH,3,46.930320739746094,100.0,75.0,45.0,40.0,strong_uptrend,61.69,False,46.93,44.15,47.23,93.4,80.0,61.3,38.0,36.5,83.2,100.0,6.7,50.0,50.0,55.0,4.9717,2.9681,6.2377,2.0036,-1.266,-16.4664
NVDA,2023-08-21,long_term,WATCHLIST_VALUATION_TOO_RICH,58.5,medium,SIDEWAYS_CHOPPY,HYPER_GROWTH,3,46.930320739746094,100.0,75.0,45.0,40.0,strong_uptrend,61.69,False,44.6,44.15,47.23,93.4,80.0,61.3,38.0,36.5,83.2,100.0,6.7,50.0,50.0,55.0,173.6782,29.3899,33.5064,144.2883,140.1718,-16.4664
NVDA,2023-08-28,short_term,WAIT_FOR_PULLBACK,60.42,medium,SIDEWAYS_CHOPPY,HYPER_GROWTH,3,46.79841613769531,100.0,75.0,45.0,50.0,strong_uptrend,58.17,False,45.17,44.72,47.23,84.8,95.0,66.2,30.0,31.8,72.0,100.0,6.7,50.0,50.0,60.0,-10.5061,-3.4732,-3.2821,-7.0329,-7.224,-12.4941
NVDA,2023-08-28,medium_term,BUY_STARTER,65.97,medium_high,SIDEWAYS_CHOPPY,HYPER_GROWTH,3,46.79841613769531,100.0,75.0,45.0,50.0,strong_uptrend,58.17,False,46.8,44.72,47.23,84.8,95.0,66.2,30.0,31.8,72.0,100.0,6.7,50.0,50.0,60.0,3.0127,3.0091,6.2639,0.0036,-3.2512,-16.231
NVDA,2023-08-28,long_term,WATCHLIST_VALUATION_TOO_RICH,59.84,medium,SIDEWAYS_CHOPPY,HYPER_GROWTH,3,46.79841613769531,100.0,75.0,45.0,50.0,strong_uptrend,58.17,False,45.17,44.72,47.23,84.8,95.0,66.2,30.0,31.8,72.0,100.0,6.7,50.0,50.0,60.0,168.2772,27.8592,29.4042,140.418,138.873,-16.231
NVDA,2023-09-04,short_term,BUY_NOW_MOMENTUM,76.39,medium_high,BULL_RISK_ON,HYPER_GROWTH,3,48.47111511230469,100.0,75.0,45.0,50.0,strong_uptrend,61.0,False,44.9475,44.5,50.06,96.9,95.0,68.8,53.0,43.5,76.5,100.0,6.7,50.0,50.0,60.0,-7.6755,-4.5461,-4.3079,-3.1294,-3.3676,-15.5139
NVDA,2023-09-04,medium_term,BUY_NOW,73.07,medium_high,BULL_RISK_ON,HYPER_GROWTH,3,48.47111511230469,100.0,75.0,45.0,50.0,strong_uptrend,61.0,False,48.47,44.5,50.06,96.9,95.0,68.8,53.0,43.5,76.5,100.0,6.7,50.0,50.0,60.0,-3.5873,2.5553,3.2889,-6.1426,-6.8762,-19.1218
NVDA,2023-09-04,long_term,WATCHLIST_VALUATION_TOO_RICH,61.02,medium,BULL_RISK_ON,HYPER_GROWTH,3,48.47111511230469,100.0,75.0,45.0,50.0,strong_uptrend,61.0,False,44.9475,44.5,50.06,96.9,95.0,68.8,53.0,43.5,76.5,100.0,6.7,50.0,50.0,60.0,119.0146,24.3559,22.6727,94.6587,96.3419,-19.1218
NVDA,2023-09-11,short_term,WAIT_FOR_PULLBACK,68.59,medium_high,BULL_RISK_ON,HYPER_GROWTH,3,45.14643096923828,85.0,75.0,45.0,50.0,weak_uptrend,46.21,False,45.0463,44.6,45.42,66.9,60.0,63.7,62.0,38.8,76.5,100.0,6.7,50.0,50.0,60.0,0.2103,-3.2635,-2.6207,3.4738,2.831,-9.2921
NVDA,2023-09-11,medium_term,BUY_STARTER,67.18,medium_high,BULL_RISK_ON,HYPER_GROWTH,3,45.14643096923828,85.0,75.0,45.0,50.0,weak_uptrend,46.21,False,45.15,44.6,45.42,66.9,60.0,63.7,62.0,38.8,76.5,100.0,6.7,50.0,50.0,60.0,5.1622,2.9821,4.1827,2.1801,0.9795,-13.1657
NVDA,2023-09-11,long_term,WATCHLIST_VALUATION_TOO_RICH,55.79,medium,BULL_RISK_ON,HYPER_GROWTH,3,45.14643096923828,85.0,75.0,45.0,50.0,weak_uptrend,46.21,False,45.0463,44.6,45.42,66.9,60.0,63.7,62.0,38.8,76.5,100.0,6.7,50.0,50.0,60.0,158.8326,25.3595,25.1702,133.4731,133.6624,-13.1657
NVDA,2023-09-18,short_term,WATCHLIST,45.99,low,SIDEWAYS_CHOPPY,HYPER_GROWTH,3,43.935272216796875,65.0,75.0,45.0,50.0,weak_uptrend,41.68,False,43.35,42.92,43.96,52.3,60.0,48.8,40.0,38.8,35.2,100.0,6.7,50.0,50.0,60.0,4.8424,-1.7109,-0.3372,6.5533,5.1796,-6.7916
NVDA,2023-09-18,medium_term,WATCHLIST_NEEDS_CONFIRMATION,54.95,medium,SIDEWAYS_CHOPPY,HYPER_GROWTH,3,43.935272216796875,65.0,75.0,45.0,50.0,weak_uptrend,41.68,False,43.35,42.92,43.96,52.3,60.0,48.8,40.0,38.8,35.2,100.0,6.7,50.0,50.0,60.0,11.2094,6.2221,9.3563,4.9873,1.8531,-10.7719
NVDA,2023-09-18,long_term,WATCHLIST_VALUATION_TOO_RICH,55.06,medium,SIDEWAYS_CHOPPY,HYPER_GROWTH,3,43.935272216796875,65.0,75.0,45.0,50.0,weak_uptrend,41.68,False,43.35,42.92,43.96,52.3,60.0,48.8,40.0,38.8,35.2,100.0,6.7,50.0,50.0,60.0,157.9364,27.866,27.882,130.0704,130.0544,-10.7719
NVDA,2023-09-25,short_term,WATCHLIST,42.25,low,SIDEWAYS_CHOPPY,HYPER_GROWTH,3,42.19249725341797,60.0,75.0,45.0,50.0,weak_uptrend,38.69,False,41.9237,41.5,43.16,28.0,40.0,53.8,43.0,34.1,43.2,100.0,6.7,50.0,50.0,60.0,1.7834,-2.7231,-1.0956,4.5065,2.879,-3.0245
NVDA,2023-09-25,medium_term,WATCHLIST_NEEDS_CONFIRMATION,52.6,medium,SIDEWAYS_CHOPPY,HYPER_GROWTH,3,42.19249725341797,60.0,75.0,45.0,50.0,weak_uptrend,38.69,False,41.9237,41.5,43.16,28.0,40.0,53.8,43.0,34.1,43.2,100.0,6.7,50.0,50.0,60.0,15.6608,10.0271,13.7887,5.6337,1.8721,-7.0864
NVDA,2023-09-25,long_term,WATCHLIST_VALUATION_TOO_RICH,51.61,medium,SIDEWAYS_CHOPPY,HYPER_GROWTH,3,42.19249725341797,60.0,75.0,45.0,50.0,weak_uptrend,38.69,False,41.9237,41.5,43.16,28.0,40.0,53.8,43.0,34.1,43.2,100.0,6.7,50.0,50.0,60.0,192.6137,33.6669,36.0229,158.9468,156.5908,-7.0864
NVDA,2023-10-02,short_term,WAIT_FOR_PULLBACK,59.66,medium,SIDEWAYS_CHOPPY,HYPER_GROWTH,3,44.75070571899414,75.0,75.0,45.0,50.0,weak_uptrend,53.39,False,44.6519,44.21,45.42,70.0,50.0,70.0,50.0,38.8,55.2,100.0,6.7,50.0,50.0,60.0,-8.0858,-2.7427,-3.3383,-5.3431,-4.7475,-10.9464
NVDA,2023-10-02,medium_term,WATCHLIST_NEEDS_CONFIRMATION,57.45,medium,SIDEWAYS_CHOPPY,HYPER_GROWTH,3,44.75070571899414,75.0,75.0,45.0,50.0,weak_uptrend,53.39,False,44.6519,44.21,45.42,70.0,50.0,70.0,50.0,38.8,55.2,100.0,6.7,50.0,50.0,60.0,7.5705,11.059,11.7218,-3.4885,-4.1513,-12.3978
NVDA,2023-10-02,long_term,WATCHLIST_VALUATION_TOO_RICH,54.95,medium,SIDEWAYS_CHOPPY,HYPER_GROWTH,3,44.75070571899414,75.0,75.0,45.0,50.0,weak_uptrend,53.39,False,44.6519,44.21,45.42,70.0,50.0,70.0,50.0,38.8,55.2,100.0,6.7,50.0,50.0,60.0,165.4771,34.9261,34.3231,130.551,131.154,-12.3978
NVDA,2023-10-09,short_term,WAIT_FOR_PULLBACK,61.7,medium,SIDEWAYS_CHOPPY,HYPER_GROWTH,3,45.241363525390625,85.0,75.0,45.0,50.0,strong_uptrend,54.87,False,45.145,44.69,45.96,70.0,65.0,66.2,73.0,38.8,43.2,100.0,6.7,50.0,50.0,60.0,1.0558,0.7865,0.7229,0.2693,0.3329,-13.3479
NVDA,2023-10-09,medium_term,BUY_STARTER,62.1,medium,SIDEWAYS_CHOPPY,HYPER_GROWTH,3,45.241363525390625,85.0,75.0,45.0,50.0,strong_uptrend,54.87,False,45.24,44.69,45.96,70.0,65.0,66.2,73.0,38.8,43.2,100.0,6.7,50.0,50.0,60.0,17.3871,10.0653,10.9707,7.3218,6.4164,-13.3479
NVDA,2023-10-09,long_term,WATCHLIST_VALUATION_TOO_RICH,56.45,medium,SIDEWAYS_CHOPPY,HYPER_GROWTH,3,45.241363525390625,85.0,75.0,45.0,50.0,strong_uptrend,54.87,False,45.145,44.69,45.96,70.0,65.0,66.2,73.0,38.8,43.2,100.0,6.7,50.0,50.0,60.0,193.0889,35.313,35.4573,157.7759,157.6316,-13.3479
NVDA,2023-10-16,short_term,WAIT_FOR_PULLBACK,63.74,medium,SIDEWAYS_CHOPPY,HYPER_GROWTH,3,46.06278991699219,90.0,75.0,45.0,50.0,strong_uptrend,56.04,False,45.145,44.69,46.57,72.9,90.0,68.8,73.0,38.8,48.5,100.0,6.7,50.0,50.0,60.0,5.4778,0.9517,2.1115,4.5261,3.3663,-14.8932
NVDA,2023-10-16,medium_term,BUY_STARTER,67.89,medium_high,SIDEWAYS_CHOPPY,HYPER_GROWTH,3,46.06278991699219,90.0,75.0,45.0,50.0,strong_uptrend,56.04,False,46.06,44.69,46.57,72.9,90.0,68.8,73.0,38.8,48.5,100.0,6.7,50.0,50.0,60.0,21.6139,8.7526,10.5108,12.8613,11.1031,-14.8932
NVDA,2023-10-16,long_term,WATCHLIST_VALUATION_TOO_RICH,59.09,medium,SIDEWAYS_CHOPPY,HYPER_GROWTH,3,46.06278991699219,90.0,75.0,45.0,50.0,strong_uptrend,56.04,False,45.145,44.69,46.57,72.9,90.0,68.8,73.0,38.8,48.5,100.0,6.7,50.0,50.0,60.0,194.5245,35.3486,33.8017,159.1759,160.7228,-14.8932
NVDA,2023-10-23,short_term,WATCHLIST,50.25,medium,SIDEWAYS_CHOPPY,HYPER_GROWTH,3,42.944969177246094,45.0,75.0,45.0,40.0,weak_uptrend,45.0,False,41.945,41.53,43.22,35.0,45.0,66.2,62.0,38.8,43.2,100.0,6.7,50.0,50.0,55.0,17.2984,8.0388,9.8603,9.2596,7.4381,-8.7144
NVDA,2023-10-23,medium_term,WATCHLIST_NEEDS_CONFIRMATION,55.95,medium,SIDEWAYS_CHOPPY,HYPER_GROWTH,3,42.944969177246094,45.0,75.0,45.0,40.0,weak_uptrend,45.0,False,41.945,41.53,43.22,35.0,45.0,66.2,62.0,38.8,43.2,100.0,6.7,50.0,50.0,55.0,42.7979,15.9107,20.0284,26.8872,22.7695,-8.7144
NVDA,2023-10-23,long_term,WATCHLIST_VALUATION_TOO_RICH,52.2,medium,SIDEWAYS_CHOPPY,HYPER_GROWTH,3,42.944969177246094,45.0,75.0,45.0,40.0,weak_uptrend,45.0,False,41.945,41.53,43.22,35.0,45.0,66.2,62.0,38.8,43.2,100.0,6.7,50.0,50.0,55.0,224.8452,39.325,38.2487,185.5202,186.5965,-8.7144
NVDA,2023-10-30,short_term,AVOID_BAD_CHART,33.03,low,SIDEWAYS_CHOPPY,HYPER_GROWTH,3,41.13223648071289,45.0,75.0,45.0,40.0,weak_uptrend,41.04,False,40.12,39.72,41.9,8.0,35.0,51.2,33.0,34.1,35.2,100.0,6.7,50.0,50.0,55.0,16.1804,9.4661,11.7383,6.7143,4.4421,-4.6913
NVDA,2023-10-30,medium_term,WATCHLIST_NEEDS_CONFIRMATION,48.4,low,SIDEWAYS_CHOPPY,HYPER_GROWTH,3,41.13223648071289,45.0,75.0,45.0,40.0,weak_uptrend,41.04,False,40.12,39.72,41.9,8.0,35.0,51.2,33.0,34.1,35.2,100.0,6.7,50.0,50.0,55.0,49.492,16.6625,19.7086,32.8295,29.7834,-4.6913
NVDA,2023-10-30,long_term,WATCHLIST_VALUATION_TOO_RICH,49.61,low,SIDEWAYS_CHOPPY,HYPER_GROWTH,3,41.13223648071289,45.0,75.0,45.0,40.0,weak_uptrend,41.04,False,40.12,39.72,41.9,8.0,35.0,51.2,33.0,34.1,35.2,100.0,6.7,50.0,50.0,55.0,238.6268,41.4503,43.1227,197.1765,195.5041,-4.6913
NVDA,2023-11-06,short_term,WAIT_FOR_PULLBACK,69.57,medium_high,BULL_RISK_ON,HYPER_GROWTH,3,45.71902847290039,90.0,75.0,45.0,40.0,strong_uptrend,59.3,False,45.145,44.69,45.96,70.0,65.0,68.8,76.0,38.8,55.2,100.0,6.7,50.0,50.0,55.0,1.7903,4.7993,4.8969,-3.009,-3.1066,-1.6196
NVDA,2023-11-06,medium_term,BUY_STARTER,66.56,medium_high,BULL_RISK_ON,HYPER_GROWTH,3,45.71902847290039,90.0,75.0,45.0,40.0,strong_uptrend,59.3,False,45.72,44.69,45.96,70.0,65.0,68.8,76.0,38.8,55.2,100.0,6.7,50.0,50.0,55.0,53.232,14.7879,17.2992,38.4441,35.9328,-1.6196
NVDA,2023-11-06,long_term,WATCHLIST_VALUATION_TOO_RICH,55.95,medium,BULL_RISK_ON,HYPER_GROWTH,3,45.71902847290039,90.0,75.0,45.0,40.0,strong_uptrend,59.3,False,45.145,44.69,45.96,70.0,65.0,68.8,76.0,38.8,55.2,100.0,6.7,50.0,50.0,55.0,218.3626,37.4905,37.8748,180.8721,180.4878,-1.6196
NVDA,2023-11-13,short_term,BUY_STARTER_STRONG_BUT_EXTENDED,72.47,medium_high,BULL_RISK_ON,HYPER_GROWTH,3,48.586029052734375,95.0,75.0,45.0,40.0,strong_uptrend,68.0,True,45.145,44.69,50.03,85.7,80.0,51.2,81.0,43.5,60.5,100.0,6.7,50.0,50.0,55.0,-1.9721,5.4317,5.6891,-7.4038,-7.6612,-7.4249
NVDA,2023-11-13,medium_term,BUY_ON_PULLBACK,71.3,medium_high,BULL_RISK_ON,HYPER_GROWTH,3,48.586029052734375,95.0,75.0,45.0,40.0,strong_uptrend,68.0,True,45.145,44.69,50.03,85.7,80.0,51.2,81.0,43.5,60.5,100.0,6.7,50.0,50.0,55.0,52.0084,13.7217,15.1384,38.2867,36.87,-7.4249
NVDA,2023-11-13,long_term,WATCHLIST_VALUATION_TOO_RICH,58.47,medium,BULL_RISK_ON,HYPER_GROWTH,3,48.586029052734375,95.0,75.0,45.0,40.0,strong_uptrend,68.0,True,45.145,44.69,50.03,85.7,80.0,51.2,81.0,43.5,60.5,100.0,6.7,50.0,50.0,55.0,200.9343,37.5009,36.7311,163.4334,164.2032,-7.4249
NVDA,2023-11-20,short_term,BUY_STARTER_STRONG_BUT_EXTENDED,70.46,medium_high,BULL_RISK_ON,HYPER_GROWTH,3,50.373775482177734,85.0,75.0,45.0,40.0,strong_uptrend,70.04,True,48.17,47.69,55.41,89.9,95.0,38.8,81.0,50.6,53.0,100.0,6.7,50.0,50.0,55.0,-1.5883,4.9543,4.9233,-6.5426,-6.5116,-10.7104
NVDA,2023-11-20,medium_term,BUY_STARTER,73.26,medium_high,BULL_RISK_ON,HYPER_GROWTH,3,50.373775482177734,85.0,75.0,45.0,40.0,strong_uptrend,70.04,True,50.37,47.69,55.41,89.9,95.0,38.8,81.0,50.6,53.0,100.0,6.7,50.0,50.0,55.0,55.8153,12.1731,12.3959,43.6422,43.4194,-10.7104
NVDA,2023-11-20,long_term,WATCHLIST_VALUATION_TOO_RICH,60.53,medium,BULL_RISK_ON,HYPER_GROWTH,3,50.373775482177734,85.0,75.0,45.0,40.0,strong_uptrend,70.04,True,48.17,47.69,55.41,89.9,95.0,38.8,81.0,50.6,53.0,100.0,6.7,50.0,50.0,55.0,189.5002,31.7494,29.6568,157.7508,159.8434,-10.7104
NVDA,2023-11-27,short_term,WAIT_FOR_PULLBACK,66.22,medium_high,BULL_RISK_ON,HYPER_GROWTH,3,48.20829391479492,90.0,75.0,45.0,50.0,strong_uptrend,56.92,False,48.17,47.69,50.28,79.1,95.0,70.0,60.0,50.6,28.0,100.0,6.7,50.0,50.0,60.0,2.1585,5.0824,5.7894,-2.9239,-3.6309,-6.6996
NVDA,2023-11-27,medium_term,BUY_STARTER,66.58,medium_high,BULL_RISK_ON,HYPER_GROWTH,3,48.20829391479492,90.0,75.0,45.0,50.0,strong_uptrend,56.92,False,48.21,47.69,50.28,79.1,95.0,70.0,60.0,50.6,28.0,100.0,6.7,50.0,50.0,60.0,61.0004,11.8449,12.1281,49.1555,48.8723,-6.6996
NVDA,2023-11-27,long_term,WATCHLIST_VALUATION_TOO_RICH,60.49,medium,BULL_RISK_ON,HYPER_GROWTH,3,48.20829391479492,90.0,75.0,45.0,50.0,strong_uptrend,56.92,False,48.17,47.69,50.28,79.1,95.0,70.0,60.0,50.6,28.0,100.0,6.7,50.0,50.0,60.0,183.9049,33.9492,31.7684,149.9557,152.1365,-6.6996
NVDA,2023-12-04,short_term,WATCHLIST,41.88,low,BULL_RISK_ON,HYPER_GROWTH,3,45.47820281982422,80.0,75.0,45.0,50.0,strong_uptrend,43.38,False,45.145,44.69,45.96,35.5,75.0,52.5,37.0,38.8,13.0,100.0,6.7,50.0,50.0,60.0,4.5335,3.0657,3.3691,1.4678,1.1644,-0.5164
NVDA,2023-12-04,medium_term,WATCHLIST_NEEDS_CONFIRMATION,56.47,medium,BULL_RISK_ON,HYPER_GROWTH,3,45.47820281982422,80.0,75.0,45.0,50.0,strong_uptrend,43.38,False,45.145,44.69,45.96,35.5,75.0,52.5,37.0,38.8,13.0,100.0,6.7,50.0,50.0,60.0,94.9285,12.0709,13.8687,82.8576,81.0598,-0.5164
NVDA,2023-12-04,long_term,WATCHLIST_VALUATION_TOO_RICH,55.72,medium,BULL_RISK_ON,HYPER_GROWTH,3,45.47820281982422,80.0,75.0,45.0,50.0,strong_uptrend,43.38,False,45.145,44.69,45.96,35.5,75.0,52.5,37.0,38.8,13.0,100.0,6.7,50.0,50.0,60.0,219.0154,34.8567,36.3763,184.1587,182.6391,-0.5164
NVDA,2023-12-11,short_term,WATCHLIST,52.3,medium,BULL_RISK_ON,HYPER_GROWTH,3,46.598514556884766,80.0,75.0,45.0,50.0,strong_uptrend,49.41,False,45.069,44.62,48.01,59.9,65.0,62.5,37.0,38.8,23.0,100.0,6.7,50.0,50.0,60.0,16.5634,3.572,3.5425,12.9914,13.0209,-1.2461
NVDA,2023-12-11,medium_term,WATCHLIST_NEEDS_CONFIRMATION,55.95,medium,BULL_RISK_ON,HYPER_GROWTH,3,46.598514556884766,80.0,75.0,45.0,50.0,strong_uptrend,49.41,False,45.069,44.62,48.01,59.9,65.0,62.5,37.0,38.8,23.0,100.0,6.7,50.0,50.0,60.0,94.9348,12.1371,11.5901,82.7977,83.3447,-1.2461
NVDA,2023-12-11,long_term,WATCHLIST_VALUATION_TOO_RICH,55.94,medium,BULL_RISK_ON,HYPER_GROWTH,3,46.598514556884766,80.0,75.0,45.0,50.0,strong_uptrend,49.41,False,45.069,44.62,48.01,59.9,65.0,62.5,37.0,38.8,23.0,100.0,6.7,50.0,50.0,60.0,198.8601,33.2658,34.8995,165.5943,163.9606,-1.2461
NVDA,2023-12-18,short_term,BUY_NOW_MOMENTUM,74.29,medium_high,BULL_RISK_ON,HYPER_GROWTH,3,50.046409606933594,85.0,75.0,45.0,50.0,sideways,63.16,False,48.17,47.69,50.28,94.7,80.0,61.3,66.0,50.6,55.2,100.0,6.7,50.0,50.0,60.0,14.0384,0.9577,1.5052,13.0807,12.5332,-5.5055
NVDA,2023-12-18,medium_term,BUY_STARTER,68.65,medium_high,BULL_RISK_ON,HYPER_GROWTH,3,50.046409606933594,85.0,75.0,45.0,50.0,sideways,63.16,False,50.05,47.69,50.28,94.7,80.0,61.3,66.0,50.6,55.2,100.0,6.7,50.0,50.0,60.0,80.4745,10.6208,9.2146,69.8537,71.2599,-5.5055
NVDA,2023-12-18,long_term,WATCHLIST_VALUATION_TOO_RICH,59.77,medium,BULL_RISK_ON,HYPER_GROWTH,3,50.046409606933594,85.0,75.0,45.0,50.0,sideways,63.16,False,48.17,47.69,50.28,94.7,80.0,61.3,66.0,50.6,55.2,100.0,6.7,50.0,50.0,60.0,157.4966,25.3911,27.4874,132.1055,130.0092,-5.5055
NVDA,2023-12-25,short_term,BUY_NOW_MOMENTUM,71.43,medium_high,BULL_RISK_ON,HYPER_GROWTH,3,48.800167083740234,100.0,75.0,45.0,50.0,strong_uptrend,55.35,False,48.12,47.64,50.37,85.3,80.0,68.8,66.0,50.6,43.2,100.0,6.7,50.0,50.0,60.0,25.6646,2.0477,3.693,23.6169,21.9716,-3.0924
NVDA,2023-12-25,medium_term,BUY_STARTER,66.77,medium_high,BULL_RISK_ON,HYPER_GROWTH,3,48.800167083740234,100.0,75.0,45.0,50.0,strong_uptrend,55.35,False,48.8,47.64,50.37,85.3,80.0,68.8,66.0,50.6,43.2,100.0,6.7,50.0,50.0,60.0,89.5665,9.4128,8.0947,80.1537,81.4718,-3.0924
NVDA,2023-12-25,long_term,WATCHLIST_VALUATION_TOO_RICH,59.3,medium,BULL_RISK_ON,HYPER_GROWTH,3,48.800167083740234,100.0,75.0,45.0,50.0,strong_uptrend,55.35,False,48.12,47.64,50.37,85.3,80.0,68.8,66.0,50.6,43.2,100.0,6.7,50.0,50.0,60.0,187.241,28.0381,29.8165,159.2029,157.4245,-3.0924
JPM,2021-01-04,short_term,BUY_NOW_MOMENTUM,72.53,medium_high,BULL_RISK_ON,PROFITABLE_GROWTH,3,109.49156951904297,100.0,63.0,50.0,40.0,strong_uptrend,62.65,False,106.1,105.04,110.11,100.0,95.0,68.8,23.0,48.2,87.8,67.5,50.0,50.0,50.0,55.0,6.9137,3.46,5.939,3.4537,0.9747,-0.9602
JPM,2021-01-04,medium_term,BUY_STARTER,67.37,medium_high,BULL_RISK_ON,PROFITABLE_GROWTH,3,109.49156951904297,100.0,63.0,50.0,40.0,strong_uptrend,62.65,False,109.49,105.04,110.11,100.0,95.0,68.8,23.0,48.2,87.8,67.5,50.0,50.0,50.0,55.0,22.7802,10.483,7.0893,12.2972,15.6909,-0.9602
JPM,2021-01-04,long_term,ACCUMULATE_ON_WEAKNESS,60.91,medium,BULL_RISK_ON,PROFITABLE_GROWTH,3,109.49156951904297,100.0,63.0,50.0,40.0,strong_uptrend,62.65,False,106.1,105.04,110.11,100.0,95.0,68.8,23.0,48.2,87.8,67.5,50.0,50.0,50.0,55.0,31.6919,31.2611,30.4889,0.4308,1.203,-0.9602
JPM,2021-01-11,short_term,BUY_STARTER_STRONG_BUT_EXTENDED,75.6,medium_high,BULL_RISK_ON,PROFITABLE_GROWTH,3,120.95150756835938,80.0,63.0,50.0,40.0,strong_uptrend,79.26,True,115.0906,113.94,121.07,85.0,100.0,36.2,77.0,52.9,100.0,67.5,50.0,50.0,50.0,55.0,1.1083,3.0526,6.0715,-1.9443,-4.9632,-7.7508
JPM,2021-01-11,medium_term,BUY_STARTER,78.76,medium_high,BULL_RISK_ON,PROFITABLE_GROWTH,3,120.95150756835938,80.0,63.0,50.0,40.0,strong_uptrend,79.26,True,120.95,113.94,121.07,85.0,100.0,36.2,77.0,52.9,100.0,67.5,50.0,50.0,50.0,55.0,12.2764,9.3803,8.4632,2.8961,3.8132,-7.7508
JPM,2021-01-11,long_term,ACCUMULATE_ON_WEAKNESS,60.9,medium,BULL_RISK_ON,PROFITABLE_GROWTH,3,120.95150756835938,80.0,63.0,50.0,40.0,strong_uptrend,79.26,True,115.0906,113.94,121.07,85.0,100.0,36.2,77.0,52.9,100.0,67.5,50.0,50.0,50.0,55.0,24.0972,24.565,21.4748,-0.4678,2.6224,-7.7508
JPM,2021-01-18,short_term,BUY_NOW_MOMENTUM,80.87,high,BULL_RISK_ON,PROFITABLE_GROWTH,3,121.46844482421875,100.0,63.0,50.0,50.0,strong_uptrend,73.09,False,121.0,119.79,124.59,92.0,100.0,41.2,85.0,52.9,100.0,67.5,50.0,50.0,50.0,60.0,4.3349,3.6049,6.0459,0.73,-1.711,-8.1434
JPM,2021-01-18,medium_term,BUY_NOW,80.53,high,BULL_RISK_ON,PROFITABLE_GROWTH,3,121.46844482421875,100.0,63.0,50.0,50.0,strong_uptrend,73.09,False,121.47,119.79,124.59,92.0,100.0,41.2,85.0,52.9,100.0,67.5,50.0,50.0,50.0,60.0,10.7538,10.0145,7.2368,0.7393,3.517,-8.1434
JPM,2021-01-18,long_term,ACCUMULATE_ON_WEAKNESS,61.74,medium,BULL_RISK_ON,PROFITABLE_GROWTH,3,121.46844482421875,100.0,63.0,50.0,50.0,strong_uptrend,73.09,False,121.0,119.79,124.59,92.0,100.0,41.2,85.0,52.9,100.0,67.5,50.0,50.0,50.0,60.0,16.6048,24.3667,20.6791,-7.7619,-4.0743,-8.1434
JPM,2021-01-25,short_term,WAIT_FOR_PULLBACK,67.96,medium_high,BULL_RISK_ON,PROFITABLE_GROWTH,3,115.75596618652344,100.0,63.0,50.0,50.0,strong_uptrend,54.17,False,114.9225,113.77,116.91,70.0,85.0,67.5,33.0,48.2,94.8,67.5,50.0,50.0,50.0,60.0,13.9949,0.809,-2.0207,13.1859,16.0156,-3.6104
JPM,2021-01-25,medium_term,BUY_STARTER,68.46,medium_high,BULL_RISK_ON,PROFITABLE_GROWTH,3,115.75596618652344,100.0,63.0,50.0,50.0,strong_uptrend,54.17,False,115.76,113.77,116.91,70.0,85.0,67.5,33.0,48.2,94.8,67.5,50.0,50.0,50.0,60.0,14.6282,8.9981,4.2521,5.6301,10.3761,-3.6104
JPM,2021-01-25,long_term,ACCUMULATE_ON_WEAKNESS,58.91,medium,BULL_RISK_ON,PROFITABLE_GROWTH,3,115.75596618652344,100.0,63.0,50.0,50.0,strong_uptrend,54.17,False,114.9225,113.77,116.91,70.0,85.0,67.5,33.0,48.2,94.8,67.5,50.0,50.0,50.0,60.0,12.3311,15.9507,8.1961,-3.6196,4.135,-3.6104
JPM,2021-02-01,short_term,WAIT_FOR_PULLBACK,65.36,medium_high,BULL_RISK_ON,PROFITABLE_GROWTH,3,113.56561279296875,100.0,63.0,50.0,50.0,strong_uptrend,48.79,False,111.945,110.83,115.8,70.0,85.0,62.5,26.0,48.2,94.8,67.5,50.0,50.0,50.0,60.0,15.7306,2.7403,-1.2468,12.9903,16.9774,1.2344
JPM,2021-02-01,medium_term,BUY_STARTER,67.37,medium_high,BULL_RISK_ON,PROFITABLE_GROWTH,3,113.56561279296875,100.0,63.0,50.0,50.0,strong_uptrend,48.79,False,113.57,110.83,115.8,70.0,85.0,62.5,26.0,48.2,94.8,67.5,50.0,50.0,50.0,60.0,19.0119,11.5195,4.4025,7.4924,14.6094,1.2344
JPM,2021-02-01,long_term,ACCUMULATE_ON_WEAKNESS,58.91,medium,BULL_RISK_ON,PROFITABLE_GROWTH,3,113.56561279296875,100.0,63.0,50.0,50.0,strong_uptrend,48.79,False,111.945,110.83,115.8,70.0,85.0,62.5,26.0,48.2,94.8,67.5,50.0,50.0,50.0,60.0,17.3809,21.1778,13.1441,-3.7969,4.2368,1.2344
JPM,2021-02-08,short_term,BUY_NOW_MOMENTUM,72.64,medium_high,BULL_RISK_ON,PROFITABLE_GROWTH,3,122.78266906738281,100.0,63.0,50.0,50.0,strong_uptrend,66.75,False,120.52,119.31,124.59,92.0,100.0,56.2,36.0,52.9,94.8,67.5,50.0,50.0,50.0,60.0,8.3416,-0.8553,-6.5382,9.1969,14.8798,-1.3701
JPM,2021-02-08,medium_term,BUY_NOW,72.06,medium_high,BULL_RISK_ON,PROFITABLE_GROWTH,3,122.78266906738281,100.0,63.0,50.0,50.0,strong_uptrend,66.75,False,122.78,119.31,124.59,92.0,100.0,56.2,36.0,52.9,94.8,67.5,50.0,50.0,50.0,60.0,15.7197,7.3747,-2.221,8.345,17.9407,-1.3701
JPM,2021-02-08,long_term,ACCUMULATE_ON_WEAKNESS,61.74,medium,BULL_RISK_ON,PROFITABLE_GROWTH,3,122.78266906738281,100.0,63.0,50.0,50.0,strong_uptrend,66.75,False,120.52,119.31,124.59,92.0,100.0,56.2,36.0,52.9,94.8,67.5,50.0,50.0,50.0,60.0,11.8352,16.059,6.9731,-4.2238,4.8621,-1.3701
JPM,2021-02-15,short_term,BUY_NOW_MOMENTUM,72.98,medium_high,BULL_RISK_ON,PROFITABLE_GROWTH,3,123.75517272949219,100.0,63.0,50.0,50.0,strong_uptrend,67.41,False,120.81,119.6,125.07,92.0,100.0,51.2,46.0,52.9,90.2,67.5,50.0,50.0,50.0,60.0,9.9965,1.0476,-4.98,8.9489,14.9765,0.8141
JPM,2021-02-15,medium_term,BUY_NOW,72.9,medium_high,BULL_RISK_ON,PROFITABLE_GROWTH,3,123.75517272949219,100.0,63.0,50.0,50.0,strong_uptrend,67.41,False,123.76,119.6,125.07,92.0,100.0,51.2,46.0,52.9,90.2,67.5,50.0,50.0,50.0,60.0,16.7971,6.5369,-2.6041,10.2602,19.4012,0.8141
JPM,2021-02-15,long_term,ACCUMULATE_ON_WEAKNESS,61.74,medium,BULL_RISK_ON,PROFITABLE_GROWTH,3,123.75517272949219,100.0,63.0,50.0,50.0,strong_uptrend,67.41,False,120.81,119.6,125.07,92.0,100.0,51.2,46.0,52.9,90.2,67.5,50.0,50.0,50.0,60.0,11.5724,13.7729,3.9316,-2.2005,7.6408,0.8141
JPM,2021-02-22,short_term,BUY_STARTER_STRONG_BUT_EXTENDED,77.58,medium_high,BULL_RISK_ON,PROFITABLE_GROWTH,3,130.90447998046875,75.0,63.0,50.0,50.0,strong_uptrend,77.81,True,120.81,119.6,143.99,85.0,100.0,38.8,81.0,52.9,100.0,67.5,50.0,50.0,50.0,60.0,1.0441,1.7688,-1.063,-0.7247,2.1071,-1.941
JPM,2021-02-22,medium_term,BUY_STARTER,79.91,medium_high,BULL_RISK_ON,PROFITABLE_GROWTH,3,130.90447998046875,75.0,63.0,50.0,50.0,strong_uptrend,77.81,True,130.9,119.6,143.99,85.0,100.0,38.8,81.0,52.9,100.0,67.5,50.0,50.0,50.0,60.0,9.5094,7.5625,1.5454,1.9469,7.964,-1.941
JPM,2021-02-22,long_term,ACCUMULATE_ON_WEAKNESS,61.4,medium,BULL_RISK_ON,PROFITABLE_GROWTH,3,130.90447998046875,75.0,63.0,50.0,50.0,strong_uptrend,77.81,True,120.81,119.6,143.99,85.0,100.0,38.8,81.0,52.9,100.0,67.5,50.0,50.0,50.0,60.0,4.2591,13.691,6.4245,-9.4319,-2.1654,-4.3549
JPM,2021-03-01,short_term,BUY_NOW_MOMENTUM,83.6,high,BULL_RISK_ON,PROFITABLE_GROWTH,3,131.85951232910156,100.0,63.0,50.0,50.0,strong_uptrend,67.09,False,128.36,127.08,135.71,92.0,100.0,53.8,85.0,52.9,100.0,67.5,50.0,50.0,50.0,60.0,1.4485,1.9242,-2.2501,-0.4757,3.6986,-1.6811
JPM,2021-03-01,medium_term,BUY_NOW,80.53,high,BULL_RISK_ON,PROFITABLE_GROWTH,3,131.85951232910156,100.0,63.0,50.0,50.0,strong_uptrend,67.09,False,131.86,127.08,135.71,92.0,100.0,53.8,85.0,52.9,100.0,67.5,50.0,50.0,50.0,60.0,9.7723,8.1718,3.3257,1.6005,6.4466,-1.9575
JPM,2021-03-01,long_term,ACCUMULATE_ON_WEAKNESS,61.74,medium,BULL_RISK_ON,PROFITABLE_GROWTH,3,131.85951232910156,100.0,63.0,50.0,50.0,strong_uptrend,67.09,False,128.36,127.08,135.71,92.0,100.0,53.8,85.0,52.9,100.0,67.5,50.0,50.0,50.0,60.0,-3.5305,13.5711,7.689,-17.1016,-11.2195,-5.0476
JPM,2021-03-08,short_term,BUY_NOW_MOMENTUM,79.38,medium_high,BULL_RISK_ON,PROFITABLE_GROWTH,3,133.97096252441406,100.0,63.0,50.0,50.0,strong_uptrend,66.8,False,129.0,127.71,135.75,92.0,100.0,53.8,62.0,60.0,100.0,67.5,50.0,50.0,50.0,60.0,0.3456,6.7406,10.4347,-6.395,-10.0891,-2.5832
JPM,2021-03-08,medium_term,BUY_NOW,76.94,medium_high,BULL_RISK_ON,PROFITABLE_GROWTH,3,133.97096252441406,100.0,63.0,50.0,50.0,strong_uptrend,66.8,False,133.97,127.71,135.75,92.0,100.0,53.8,62.0,60.0,100.0,67.5,50.0,50.0,50.0,60.0,8.9763,10.9643,12.3642,-1.988,-3.3879,-3.5027
JPM,2021-03-08,long_term,ACCUMULATE_ON_WEAKNESS,62.1,medium,BULL_RISK_ON,PROFITABLE_GROWTH,3,133.97096252441406,100.0,63.0,50.0,50.0,strong_uptrend,66.8,False,129.0,127.71,135.75,92.0,100.0,53.8,62.0,60.0,100.0,67.5,50.0,50.0,50.0,60.0,-13.4811,11.3436,8.8301,-24.8247,-22.3112,-13.6552
JPM,2021-03-15,short_term,BUY_NOW_MOMENTUM,76.32,medium_high,BULL_RISK_ON,PROFITABLE_GROWTH,3,136.12632751464844,100.0,63.0,50.0,40.0,strong_uptrend,66.46,False,131.26,129.95,136.4,92.0,100.0,56.2,48.0,60.0,100.0,67.5,50.0,50.0,50.0,55.0,-0.2397,4.4909,6.963,-4.7306,-7.2027,-4.1256
JPM,2021-03-15,medium_term,BUY_NOW,74.23,medium_high,BULL_RISK_ON,PROFITABLE_GROWTH,3,136.12632751464844,100.0,63.0,50.0,40.0,strong_uptrend,66.46,False,136.13,129.95,136.4,92.0,100.0,56.2,48.0,60.0,100.0,67.5,50.0,50.0,50.0,55.0,2.0133,7.6292,8.1909,-5.6159,-6.1776,-5.0306
JPM,2021-03-15,long_term,ACCUMULATE_ON_WEAKNESS,61.6,medium,BULL_RISK_ON,PROFITABLE_GROWTH,3,136.12632751464844,100.0,63.0,50.0,40.0,strong_uptrend,66.46,False,131.26,129.95,136.4,92.0,100.0,56.2,48.0,60.0,100.0,67.5,50.0,50.0,50.0,55.0,-14.2184,6.5964,0.2737,-20.8148,-14.4921,-16.1295
JPM,2021-03-22,short_term,WAIT_FOR_PULLBACK,67.05,medium_high,BULL_RISK_ON,PROFITABLE_GROWTH,3,132.27127075195312,100.0,63.0,50.0,40.0,strong_uptrend,51.98,False,131.26,129.95,136.4,70.0,85.0,63.7,35.0,55.3,90.2,67.5,50.0,50.0,50.0,55.0,-0.5437,4.9874,5.5867,-5.5311,-6.1304,-1.3314
JPM,2021-03-22,medium_term,BUY_STARTER,67.53,medium_high,BULL_RISK_ON,PROFITABLE_GROWTH,3,132.27127075195312,100.0,63.0,50.0,40.0,strong_uptrend,51.98,False,132.27,129.95,136.4,70.0,85.0,63.7,35.0,55.3,90.2,67.5,50.0,50.0,50.0,55.0,0.2292,7.5516,8.2073,-7.3224,-7.9781,-2.2627
JPM,2021-03-22,long_term,ACCUMULATE_ON_WEAKNESS,58.77,medium,BULL_RISK_ON,PROFITABLE_GROWTH,3,132.27127075195312,100.0,63.0,50.0,40.0,strong_uptrend,51.98,False,131.26,129.95,136.4,70.0,85.0,63.7,35.0,55.3,90.2,67.5,50.0,50.0,50.0,55.0,-5.2889,14.684,10.4037,-19.9729,-15.6926,-13.6851
JPM,2021-03-29,short_term,BUY_NOW_MOMENTUM,70.47,medium_high,BULL_RISK_ON,PROFITABLE_GROWTH,3,133.76943969726562,100.0,63.0,50.0,40.0,strong_uptrend,53.92,False,133.34,132.01,134.21,90.0,80.0,63.7,31.0,55.3,83.2,67.5,50.0,50.0,50.0,55.0,-0.3531,5.4929,7.6731,-5.846,-8.0262,-3.3574
JPM,2021-03-29,medium_term,BUY_STARTER,64.77,medium,BULL_RISK_ON,PROFITABLE_GROWTH,3,133.76943969726562,100.0,63.0,50.0,40.0,strong_uptrend,53.92,False,133.77,132.01,134.21,90.0,80.0,63.7,31.0,55.3,83.2,67.5,50.0,50.0,50.0,55.0,1.6761,8.3603,12.0954,-6.6842,-10.4193,-3.3574
JPM,2021-03-29,long_term,ACCUMULATE_ON_WEAKNESS,59.27,medium,BULL_RISK_ON,PROFITABLE_GROWTH,3,133.76943969726562,100.0,63.0,50.0,40.0,strong_uptrend,53.92,False,133.34,132.01,134.21,90.0,80.0,63.7,31.0,55.3,83.2,67.5,50.0,50.0,50.0,55.0,-5.5315,16.7087,16.0642,-22.2402,-21.5957,-14.6518
JPM,2021-04-05,short_term,BUY_NOW_MOMENTUM,74.95,medium_high,BULL_RISK_ON,PROFITABLE_GROWTH,3,135.3857421875,100.0,63.0,50.0,40.0,strong_uptrend,56.3,False,132.9475,131.62,136.57,90.0,95.0,70.0,43.0,60.0,83.2,67.5,50.0,50.0,50.0,55.0,-0.1692,2.9137,1.5526,-3.0829,-1.7218,-4.5111
JPM,2021-04-05,medium_term,BUY_STARTER,69.77,medium_high,BULL_RISK_ON,PROFITABLE_GROWTH,3,135.3857421875,100.0,63.0,50.0,40.0,strong_uptrend,56.3,False,135.39,131.62,136.57,90.0,95.0,70.0,43.0,60.0,83.2,67.5,50.0,50.0,50.0,55.0,2.1541,7.0821,8.4597,-4.928,-6.3056,-4.5111
JPM,2021-04-05,long_term,ACCUMULATE_ON_WEAKNESS,61.0,medium,BULL_RISK_ON,PROFITABLE_GROWTH,3,135.3857421875,100.0,63.0,50.0,40.0,strong_uptrend,56.3,False,132.9475,131.62,136.57,90.0,95.0,70.0,43.0,60.0,83.2,67.5,50.0,50.0,50.0,55.0,-10.3434,12.9246,9.8274,-23.268,-20.1708,-15.6707
JPM,2021-04-12,short_term,BUY_NOW_MOMENTUM,82.83,high,BULL_RISK_ON,PROFITABLE_GROWTH,3,137.43917846679688,100.0,63.0,50.0,40.0,strong_uptrend,59.61,False,133.8094,132.47,138.11,100.0,95.0,68.8,68.0,60.0,83.2,67.5,50.0,50.0,50.0,55.0,3.3793,1.5305,-3.2406,1.8488,6.6199,-5.9378
JPM,2021-04-12,medium_term,BUY_NOW,73.68,medium_high,BULL_RISK_ON,PROFITABLE_GROWTH,3,137.43917846679688,100.0,63.0,50.0,40.0,strong_uptrend,59.61,False,137.44,132.47,138.11,100.0,95.0,68.8,68.0,60.0,83.2,67.5,50.0,50.0,50.0,55.0,1.8984,6.5275,7.7733,-4.6291,-5.8749,-5.9378
JPM,2021-04-12,long_term,ACCUMULATE_ON_WEAKNESS,61.5,medium,BULL_RISK_ON,PROFITABLE_GROWTH,3,137.43917846679688,100.0,63.0,50.0,40.0,strong_uptrend,59.61,False,133.8094,132.47,138.11,100.0,95.0,68.8,68.0,60.0,83.2,67.5,50.0,50.0,50.0,55.0,-12.225,10.1593,4.2037,-22.3843,-16.4287,-16.9307
JPM,2021-04-19,short_term,WAIT_FOR_PULLBACK,65.03,medium_high,BULL_RISK_ON,PROFITABLE_GROWTH,3,134.53089904785156,100.0,63.0,50.0,50.0,strong_uptrend,51.17,False,133.7766,132.44,136.64,53.8,65.0,78.8,51.0,55.3,60.0,67.5,50.0,50.0,50.0,60.0,7.8742,0.0746,-4.27,7.7996,12.1442,-3.9044
JPM,2021-04-19,medium_term,BUY_STARTER,61.66,medium,BULL_RISK_ON,PROFITABLE_GROWTH,3,134.53089904785156,100.0,63.0,50.0,50.0,strong_uptrend,51.17,False,134.53,132.44,136.64,53.8,65.0,78.8,51.0,55.3,60.0,67.5,50.0,50.0,50.0,60.0,-3.1661,2.6855,4.7809,-5.8516,-7.947,-3.9962
JPM,2021-04-19,long_term,ACCUMULATE_ON_WEAKNESS,56.45,medium,BULL_RISK_ON,PROFITABLE_GROWTH,3,134.53089904785156,100.0,63.0,50.0,50.0,strong_uptrend,51.17,False,133.7766,132.44,136.64,53.8,65.0,78.8,51.0,55.3,60.0,67.5,50.0,50.0,50.0,60.0,-13.7064,6.8696,0.4228,-20.576,-14.1292,-16.0173
JPM,2021-04-26,short_term,WAIT_FOR_PULLBACK,57.86,medium,BULL_RISK_ON,PROFITABLE_GROWTH,3,132.68898010253906,75.0,63.0,50.0,50.0,weak_uptrend,48.16,False,120.81,119.6,134.21,49.6,50.0,62.5,26.0,55.3,78.0,67.5,50.0,50.0,50.0,60.0,8.6211,0.3736,-2.6696,8.2475,11.2907,-0.2989
JPM,2021-04-26,medium_term,WATCHLIST_NEEDS_CONFIRMATION,57.44,medium,BULL_RISK_ON,PROFITABLE_GROWTH,3,132.68898010253906,75.0,63.0,50.0,50.0,weak_uptrend,48.16,False,120.81,119.6,134.21,49.6,50.0,62.5,26.0,55.3,78.0,67.5,50.0,50.0,50.0,60.0,1.3044,5.9512,7.9874,-4.6468,-6.683,-2.6636
JPM,2021-04-26,long_term,WATCHLIST_VALUATION_TOO_RICH,54.74,medium,BULL_RISK_ON,PROFITABLE_GROWTH,3,132.68898010253906,75.0,63.0,50.0,50.0,weak_uptrend,48.16,False,120.81,119.6,134.21,49.6,50.0,62.5,26.0,55.3,78.0,67.5,50.0,50.0,50.0,60.0,-13.6596,3.9604,-3.0651,-17.62,-10.5945,-16.1523
JPM,2021-05-03,short_term,BUY_NOW_MOMENTUM,79.91,medium_high,BULL_RISK_ON,PROFITABLE_GROWTH,3,135.1566162109375,100.0,63.0,50.0,50.0,strong_uptrend,53.37,False,134.3206,132.98,138.0,93.8,90.0,72.5,60.0,60.0,78.0,67.5,50.0,50.0,50.0,60.0,8.2746,0.3515,-1.0024,7.9231,9.277,-0.7955
JPM,2021-05-03,medium_term,BUY_STARTER,71.1,medium_high,BULL_RISK_ON,PROFITABLE_GROWTH,3,135.1566162109375,100.0,63.0,50.0,50.0,strong_uptrend,53.37,False,135.16,132.98,138.0,93.8,90.0,72.5,60.0,60.0,78.0,67.5,50.0,50.0,50.0,60.0,-0.86,4.9788,8.5764,-5.8388,-9.4364,-4.4407
JPM,2021-05-03,long_term,ACCUMULATE_ON_WEAKNESS,61.19,medium,BULL_RISK_ON,PROFITABLE_GROWTH,3,135.1566162109375,100.0,63.0,50.0,50.0,strong_uptrend,53.37,False,134.3206,132.98,138.0,93.8,90.0,72.5,60.0,60.0,78.0,67.5,50.0,50.0,50.0,60.0,-19.4618,0.4147,-4.814,-19.8765,-14.6478,-20.9528
JPM,2021-05-10,short_term,BUY_NOW_MOMENTUM,80.08,high,BULL_RISK_ON,PROFITABLE_GROWTH,3,142.08367919921875,100.0,63.0,50.0,50.0,strong_uptrend,67.09,False,138.38,137.0,156.29,89.6,90.0,51.2,80.0,60.0,87.8,67.5,50.0,50.0,50.0,60.0,2.3446,1.0384,3.3767,1.3062,-1.0321,-2.599
JPM,2021-05-10,medium_term,BUY_NOW,75.76,medium_high,BULL_RISK_ON,PROFITABLE_GROWTH,3,142.08367919921875,100.0,63.0,50.0,50.0,strong_uptrend,67.09,False,142.08,137.0,156.29,89.6,90.0,51.2,80.0,60.0,87.8,67.5,50.0,50.0,50.0,60.0,-1.8505,6.134,13.322,-7.9845,-15.1725,-9.0995
JPM,2021-05-10,long_term,ACCUMULATE_ON_WEAKNESS,60.98,medium,BULL_RISK_ON,PROFITABLE_GROWTH,3,142.08367919921875,100.0,63.0,50.0,50.0,strong_uptrend,67.09,False,138.38,137.0,156.29,89.6,90.0,51.2,80.0,60.0,87.8,67.5,50.0,50.0,50.0,60.0,-22.4915,-3.4767,-8.3455,-19.0148,-14.146,-24.8066
JPM,2021-05-17,short_term,BUY_NOW_MOMENTUM,80.95,high,BULL_RISK_ON,PROFITABLE_GROWTH,3,145.1241455078125,100.0,63.0,50.0,50.0,strong_uptrend,67.95,False,138.385,137.0,159.64,92.0,90.0,51.2,81.0,60.0,87.8,67.5,50.0,50.0,50.0,60.0,-5.763,2.1563,5.5023,-7.9193,-11.2653,-6.4007
JPM,2021-05-17,medium_term,BUY_NOW,75.91,medium_high,BULL_RISK_ON,PROFITABLE_GROWTH,3,145.1241455078125,100.0,63.0,50.0,50.0,strong_uptrend,67.95,False,145.12,137.0,159.64,92.0,90.0,51.2,81.0,60.0,87.8,67.5,50.0,50.0,50.0,60.0,-2.9296,7.9207,13.8707,-10.8503,-16.8003,-11.004
JPM,2021-05-17,long_term,ACCUMULATE_ON_WEAKNESS,61.1,medium,BULL_RISK_ON,PROFITABLE_GROWTH,3,145.1241455078125,100.0,63.0,50.0,50.0,strong_uptrend,67.95,False,138.385,137.0,159.64,92.0,90.0,51.2,81.0,60.0,87.8,67.5,50.0,50.0,50.0,60.0,-26.3571,-2.4463,-7.5646,-23.9108,-18.7925,-28.1568
JPM,2021-05-24,short_term,BUY_NOW_MOMENTUM,75.02,medium_high,BULL_RISK_ON,PROFITABLE_GROWTH,3,144.12828063964844,95.0,63.0,50.0,50.0,strong_uptrend,62.67,False,139.81,138.41,144.3,90.0,90.0,68.8,56.0,60.0,64.5,67.5,50.0,50.0,50.0,60.0,-8.1509,1.2702,4.6504,-9.4211,-12.8013,-9.7713
JPM,2021-05-24,medium_term,BUY_STARTER,68.37,medium_high,BULL_RISK_ON,PROFITABLE_GROWTH,3,144.12828063964844,95.0,63.0,50.0,50.0,strong_uptrend,62.67,False,144.13,138.41,144.3,90.0,90.0,68.8,56.0,60.0,64.5,67.5,50.0,50.0,50.0,60.0,-3.6303,7.0504,12.3765,-10.6807,-16.0068,-10.3891
JPM,2021-05-24,long_term,ACCUMULATE_ON_WEAKNESS,61.0,medium,BULL_RISK_ON,PROFITABLE_GROWTH,3,144.12828063964844,95.0,63.0,50.0,50.0,strong_uptrend,62.67,False,139.81,138.41,144.3,90.0,90.0,68.8,56.0,60.0,64.5,67.5,50.0,50.0,50.0,60.0,-21.8729,-4.062,-11.3152,-17.8109,-10.5577,-27.8798
JPM,2021-05-31,short_term,BUY_NOW_MOMENTUM,79.68,medium_high,BULL_RISK_ON,PROFITABLE_GROWTH,3,144.74517822265625,100.0,63.0,50.0,50.0,strong_uptrend,62.4,False,142.16,140.74,145.94,100.0,90.0,68.8,56.0,60.0,76.5,67.5,50.0,50.0,50.0,60.0,-6.0338,2.1918,6.3999,-8.2256,-12.4337,-10.1558
JPM,2021-05-31,medium_term,BUY_STARTER,70.24,medium_high,BULL_RISK_ON,PROFITABLE_GROWTH,3,144.74517822265625,100.0,63.0,50.0,50.0,strong_uptrend,62.4,False,144.75,140.74,145.94,100.0,90.0,68.8,56.0,60.0,76.5,67.5,50.0,50.0,50.0,60.0,-0.1524,7.6377,13.1171,-7.7901,-13.2695,-10.771
JPM,2021-05-31,long_term,ACCUMULATE_ON_WEAKNESS,61.5,medium,BULL_RISK_ON,PROFITABLE_GROWTH,3,144.74517822265625,100.0,63.0,50.0,50.0,strong_uptrend,62.4,False,142.16,140.74,145.94,100.0,90.0,68.8,56.0,60.0,76.5,67.5,50.0,50.0,50.0,60.0,-18.0415,0.2513,-6.6821,-18.2928,-11.3594,-28.1872
JPM,2021-06-07,short_term,BUY_NOW_MOMENTUM,74.82,medium_high,BULL_RISK_ON,PROFITABLE_GROWTH,3,145.9966583251953,100.0,63.0,50.0,50.0,strong_uptrend,63.32,False,145.12,143.67,147.57,100.0,95.0,68.8,46.0,60.0,60.0,67.5,50.0,50.0,50.0,60.0,-6.861,2.8793,7.1324,-9.7403,-13.9934,-10.926
JPM,2021-06-07,medium_term,BUY_STARTER,67.14,medium_high,BULL_RISK_ON,PROFITABLE_GROWTH,3,145.9966583251953,100.0,63.0,50.0,50.0,strong_uptrend,63.32,False,146.0,143.67,147.57,100.0,95.0,68.8,46.0,60.0,60.0,67.5,50.0,50.0,50.0,60.0,-3.1697,7.6677,13.4915,-10.8374,-16.6612,-11.5358
JPM,2021-06-07,long_term,ACCUMULATE_ON_WEAKNESS,62.0,medium,BULL_RISK_ON,PROFITABLE_GROWTH,3,145.9966583251953,100.0,63.0,50.0,50.0,strong_uptrend,63.32,False,145.12,143.67,147.57,100.0,95.0,68.8,46.0,60.0,60.0,67.5,50.0,50.0,50.0,60.0,-19.6973,-1.1798,-8.2912,-18.5175,-11.4061,-28.8028
JPM,2021-06-14,short_term,WATCHLIST,48.12,low,BULL_RISK_ON,PROFITABLE_GROWTH,3,138.86692810058594,65.0,63.0,50.0,40.0,weak_uptrend,39.0,False,138.385,137.0,141.66,43.0,60.0,55.0,28.0,55.3,39.8,67.5,50.0,50.0,50.0,55.0,-0.6493,2.7642,5.3207,-3.4135,-5.97,-6.3527
JPM,2021-06-14,medium_term,WATCHLIST_NEEDS_CONFIRMATION,53.34,medium,BULL_RISK_ON,PROFITABLE_GROWTH,3,138.86692810058594,65.0,63.0,50.0,40.0,weak_uptrend,39.0,False,138.385,137.0,141.66,43.0,60.0,55.0,28.0,55.3,39.8,67.5,50.0,50.0,50.0,55.0,2.0379,5.357,9.363,-3.3191,-7.3251,-6.9939
JPM,2021-06-14,long_term,WATCHLIST_VALUATION_TOO_RICH,54.91,medium,BULL_RISK_ON,PROFITABLE_GROWTH,3,138.86692810058594,65.0,63.0,50.0,40.0,weak_uptrend,39.0,False,138.385,137.0,141.66,43.0,60.0,55.0,28.0,55.3,39.8,67.5,50.0,50.0,50.0,55.0,-24.5161,-10.6582,-19.6745,-13.8579,-4.8416,-25.1474
JPM,2021-06-21,short_term,AVOID_BAD_CHART,31.32,low,BULL_RISK_ON,PROFITABLE_GROWTH,3,132.5744171142578,35.0,63.0,50.0,40.0,weak_uptrend,32.97,False,120.81,119.6,134.28,20.0,40.0,35.0,15.0,45.9,25.2,67.5,50.0,50.0,50.0,55.0,0.0949,2.4236,4.1904,-2.3287,-4.0955,-2.5795
JPM,2021-06-21,medium_term,AVOID_BAD_BUSINESS,44.86,low,BULL_RISK_ON,PROFITABLE_GROWTH,3,132.5744171142578,35.0,63.0,50.0,40.0,weak_uptrend,32.97,False,120.81,119.6,134.28,20.0,40.0,35.0,15.0,45.9,25.2,67.5,50.0,50.0,50.0,55.0,2.2678,3.4621,6.3148,-1.1943,-4.047,-2.5795
JPM,2021-06-21,long_term,WATCHLIST_VALUATION_TOO_RICH,51.3,medium,BULL_RISK_ON,PROFITABLE_GROWTH,3,132.5744171142578,35.0,63.0,50.0,40.0,weak_uptrend,32.97,False,120.81,119.6,134.28,20.0,40.0,35.0,15.0,45.9,25.2,67.5,50.0,50.0,50.0,55.0,-21.0424,-9.613,-17.9226,-11.4294,-3.1198,-23.7418
JPM,2021-06-28,short_term,WATCHLIST,45.43,low,BULL_RISK_ON,PROFITABLE_GROWTH,3,136.01148986816406,45.0,63.0,50.0,40.0,weak_uptrend,44.12,False,134.4119,133.07,138.46,48.0,40.0,60.0,20.0,45.9,25.2,67.5,50.0,50.0,50.0,55.0,-1.3006,2.6996,3.0307,-4.0002,-4.3313,-5.0413
JPM,2021-06-28,medium_term,WATCHLIST_NEEDS_CONFIRMATION,45.64,low,BULL_RISK_ON,PROFITABLE_GROWTH,3,136.01148986816406,45.0,63.0,50.0,40.0,weak_uptrend,44.12,False,134.4119,133.07,138.46,48.0,40.0,60.0,20.0,45.9,25.2,67.5,50.0,50.0,50.0,55.0,8.8202,3.8805,4.8205,4.9397,3.9997,-5.0413
JPM,2021-06-28,long_term,WATCHLIST_VALUATION_TOO_RICH,52.7,medium,BULL_RISK_ON,PROFITABLE_GROWTH,3,136.01148986816406,45.0,63.0,50.0,40.0,weak_uptrend,44.12,False,134.4119,133.07,138.46,48.0,40.0,60.0,20.0,45.9,25.2,67.5,50.0,50.0,50.0,55.0,-23.0443,-9.6867,-19.3929,-13.3576,-3.6514,-25.928
JPM,2021-07-05,short_term,WAIT_FOR_PULLBACK,61.7,medium,BULL_RISK_ON,PROFITABLE_GROWTH,3,138.30210876464844,55.0,63.0,50.0,40.0,weak_uptrend,51.23,False,134.4119,133.07,138.52,70.0,70.0,72.5,55.0,45.9,25.2,67.5,50.0,50.0,50.0,55.0,-3.1148,1.0764,1.2244,-4.1912,-4.3392,-6.6141
JPM,2021-07-05,medium_term,WATCHLIST_NEEDS_CONFIRMATION,57.37,medium,BULL_RISK_ON,PROFITABLE_GROWTH,3,138.30210876464844,55.0,63.0,50.0,40.0,weak_uptrend,51.23,False,134.4119,133.07,138.52,70.0,70.0,72.5,55.0,45.9,25.2,67.5,50.0,50.0,50.0,55.0,7.114,0.6239,0.1081,6.4901,7.0059,-6.6141
JPM,2021-07-05,long_term,ACCUMULATE_ON_WEAKNESS,56.8,medium,BULL_RISK_ON,PROFITABLE_GROWTH,3,138.30210876464844,55.0,63.0,50.0,40.0,weak_uptrend,51.23,False,134.4119,133.07,138.52,70.0,70.0,72.5,55.0,45.9,25.2,67.5,50.0,50.0,50.0,55.0,-25.759,-10.5189,-19.8883,-15.2401,-5.8707,-27.9476
JPM,2021-07-12,short_term,WAIT_FOR_PULLBACK,62.94,medium,BULL_RISK_ON,PROFITABLE_GROWTH,3,140.04833984375,70.0,63.0,50.0,40.0,strong_uptrend,56.13,False,139.81,138.41,141.66,70.0,80.0,63.7,62.0,45.9,35.2,67.5,50.0,50.0,50.0,55.0,-0.4241,1.1554,1.7411,-1.5795,-2.1652,-7.7785
JPM,2021-07-12,medium_term,BUY_STARTER,62.11,medium,BULL_RISK_ON,PROFITABLE_GROWTH,3,140.04833984375,70.0,63.0,50.0,40.0,strong_uptrend,56.13,False,140.05,138.41,141.66,70.0,80.0,63.7,62.0,45.9,35.2,67.5,50.0,50.0,50.0,55.0,8.3833,0.4994,-0.2372,7.8839,8.6205,-7.7785
JPM,2021-07-12,long_term,ACCUMULATE_ON_WEAKNESS,57.8,medium,BULL_RISK_ON,PROFITABLE_GROWTH,3,140.04833984375,70.0,63.0,50.0,40.0,strong_uptrend,56.13,False,139.81,138.41,141.66,70.0,80.0,63.7,62.0,45.9,35.2,67.5,50.0,50.0,50.0,55.0,-26.4568,-11.6307,-20.581,-14.8261,-5.8758,-28.846
JPM,2021-07-19,short_term,AVOID_BAD_CHART,37.87,low,BULL_RISK_ON,PROFITABLE_GROWTH,3,130.27154541015625,40.0,63.0,50.0,50.0,weak_uptrend,35.19,False,120.81,119.6,134.04,8.0,45.0,48.8,53.0,45.9,13.0,67.5,50.0,50.0,50.0,60.0,8.1376,5.1768,4.0347,2.9608,4.1029,-0.4355
JPM,2021-07-19,medium_term,WATCHLIST_NEEDS_CONFIRMATION,50.46,medium,BULL_RISK_ON,PROFITABLE_GROWTH,3,130.27154541015625,40.0,63.0,50.0,50.0,weak_uptrend,35.19,False,120.81,119.6,134.04,8.0,45.0,48.8,53.0,45.9,13.0,67.5,50.0,50.0,50.0,60.0,14.0464,5.2541,4.1388,8.7923,9.9076,-0.4355
JPM,2021-07-19,long_term,WATCHLIST_VALUATION_TOO_RICH,51.7,medium,BULL_RISK_ON,PROFITABLE_GROWTH,3,130.27154541015625,40.0,63.0,50.0,50.0,weak_uptrend,35.19,False,120.81,119.6,134.04,8.0,45.0,48.8,53.0,45.9,13.0,67.5,50.0,50.0,50.0,60.0,-19.8247,-6.3823,-15.4264,-13.4424,-4.3983,-25.7734
JPM,2021-07-26,short_term,WATCHLIST,54.04,medium,BULL_RISK_ON,PROFITABLE_GROWTH,3,134.41976928710938,35.0,63.0,50.0,50.0,weak_uptrend,46.31,False,120.81,119.6,138.63,65.0,45.0,66.2,35.0,45.9,18.2,67.5,50.0,50.0,50.0,60.0,3.33,1.4149,1.2864,1.9151,2.0436,-1.4046
JPM,2021-07-26,medium_term,WATCHLIST_NEEDS_CONFIRMATION,48.46,low,BULL_RISK_ON,PROFITABLE_GROWTH,3,134.41976928710938,35.0,63.0,50.0,50.0,weak_uptrend,46.31,False,120.81,119.6,138.63,65.0,45.0,66.2,35.0,45.9,18.2,67.5,50.0,50.0,50.0,60.0,13.9566,3.0728,1.635,10.8838,12.3216,-1.4046
JPM,2021-07-26,long_term,WATCHLIST_VALUATION_TOO_RICH,54.55,medium,BULL_RISK_ON,PROFITABLE_GROWTH,3,134.41976928710938,35.0,63.0,50.0,50.0,weak_uptrend,46.31,False,120.81,119.6,138.63,65.0,45.0,66.2,35.0,45.9,18.2,67.5,50.0,50.0,50.0,60.0,-23.0721,-10.1066,-19.6707,-12.9655,-3.4014,-28.0641
JPM,2021-08-02,short_term,WATCHLIST,42.05,low,BULL_RISK_ON,PROFITABLE_GROWTH,3,133.99429321289062,35.0,63.0,50.0,50.0,weak_uptrend,45.53,False,120.81,119.6,134.04,20.0,35.0,66.2,36.0,45.9,18.2,67.5,50.0,50.0,50.0,60.0,6.1322,3.3456,4.2951,2.7866,1.8371,-1.0915
JPM,2021-08-02,medium_term,WATCHLIST_NEEDS_CONFIRMATION,46.53,low,BULL_RISK_ON,PROFITABLE_GROWTH,3,133.99429321289062,35.0,63.0,50.0,50.0,weak_uptrend,45.53,False,120.81,119.6,134.04,20.0,35.0,66.2,36.0,45.9,18.2,67.5,50.0,50.0,50.0,60.0,13.0606,5.2861,6.017,7.7745,7.0436,-1.0915
JPM,2021-08-02,long_term,WATCHLIST_VALUATION_TOO_RICH,51.3,medium,BULL_RISK_ON,PROFITABLE_GROWTH,3,133.99429321289062,35.0,63.0,50.0,50.0,weak_uptrend,45.53,False,120.81,119.6,134.04,20.0,35.0,66.2,36.0,45.9,18.2,67.5,50.0,50.0,50.0,60.0,-23.5014,-5.4225,-13.3087,-18.0789,-10.1927,-27.8357
JPM,2021-08-09,short_term,WATCHLIST,54.8,medium,BULL_RISK_ON,PROFITABLE_GROWTH,3,139.45440673828125,70.0,63.0,50.0,50.0,strong_uptrend,58.94,False,138.385,137.0,141.37,65.0,75.0,63.7,41.0,45.9,18.2,67.5,50.0,50.0,50.0,60.0,1.195,2.1102,3.6287,-0.9152,-2.4337,-2.7458
JPM,2021-08-09,medium_term,WATCHLIST_NEEDS_CONFIRMATION,55.65,medium,BULL_RISK_ON,PROFITABLE_GROWTH,3,139.45440673828125,70.0,63.0,50.0,50.0,strong_uptrend,58.94,False,138.385,137.0,141.37,65.0,75.0,63.7,41.0,45.9,18.2,67.5,50.0,50.0,50.0,60.0,7.4574,6.3106,8.2206,1.1468,-0.7632,-4.3476
JPM,2021-08-09,long_term,ACCUMULATE_ON_WEAKNESS,57.55,medium,BULL_RISK_ON,PROFITABLE_GROWTH,3,139.45440673828125,70.0,63.0,50.0,50.0,strong_uptrend,58.94,False,138.385,137.0,141.37,65.0,75.0,63.7,41.0,45.9,18.2,67.5,50.0,50.0,50.0,60.0,-24.568,-5.6389,-13.5298,-18.9291,-11.0382,-30.6611
JPM,2021-08-16,short_term,WAIT_FOR_PULLBACK,68.59,medium_high,BULL_RISK_ON,PROFITABLE_GROWTH,3,140.87257385253906,90.0,63.0,50.0,50.0,strong_uptrend,58.17,False,139.81,138.41,141.37,76.0,75.0,68.8,76.0,50.6,28.0,67.5,50.0,50.0,50.0,60.0,-1.1703,-0.6264,1.702,-0.5439,-2.8723,-3.7249
JPM,2021-08-16,medium_term,BUY_STARTER,62.65,medium,BULL_RISK_ON,PROFITABLE_GROWTH,3,140.87257385253906,90.0,63.0,50.0,50.0,strong_uptrend,58.17,False,140.87,138.41,141.37,76.0,75.0,68.8,76.0,50.6,28.0,67.5,50.0,50.0,50.0,60.0,5.6223,4.8766,7.0891,0.7457,-1.4668,-5.3105
JPM,2021-08-16,long_term,ACCUMULATE_ON_WEAKNESS,58.33,medium,BULL_RISK_ON,PROFITABLE_GROWTH,3,140.87257385253906,90.0,63.0,50.0,50.0,strong_uptrend,58.17,False,139.81,138.41,141.37,76.0,75.0,68.8,76.0,50.6,28.0,67.5,50.0,50.0,50.0,60.0,-19.9881,-2.4969,-9.446,-17.4912,-10.5421,-31.3592
JPM,2021-08-23,short_term,WAIT_FOR_PULLBACK,61.15,medium,BULL_RISK_ON,PROFITABLE_GROWTH,3,138.89598083496094,85.0,63.0,50.0,50.0,strong_uptrend,52.81,False,138.1975,136.82,141.37,66.6,75.0,72.5,56.0,45.9,22.8,67.5,50.0,50.0,50.0,60.0,-2.374,-2.7369,-1.7882,0.3629,-0.5858,-3.963
JPM,2021-08-23,medium_term,WATCHLIST_NEEDS_CONFIRMATION,58.71,medium,BULL_RISK_ON,PROFITABLE_GROWTH,3,138.89598083496094,85.0,63.0,50.0,50.0,strong_uptrend,52.81,False,138.1975,136.82,141.37,66.6,75.0,72.5,56.0,45.9,22.8,67.5,50.0,50.0,50.0,60.0,3.3118,5.172,8.3616,-1.8602,-5.0498,-3.963
JPM,2021-08-23,long_term,ACCUMULATE_ON_WEAKNESS,57.62,medium,BULL_RISK_ON,PROFITABLE_GROWTH,3,138.89598083496094,85.0,63.0,50.0,50.0,strong_uptrend,52.81,False,138.1975,136.82,141.37,66.6,75.0,72.5,56.0,45.9,22.8,67.5,50.0,50.0,50.0,60.0,-24.1728,-6.4945,-15.3752,-17.6783,-8.7976,-30.3824
JPM,2021-08-30,short_term,BUY_NOW_MOMENTUM,70.2,medium_high,BULL_RISK_ON,PROFITABLE_GROWTH,3,142.21104431152344,90.0,63.0,50.0,50.0,strong_uptrend,57.65,False,142.16,140.74,145.77,78.1,90.0,72.5,81.0,50.6,22.8,67.5,50.0,50.0,50.0,60.0,3.5153,-3.7858,-5.2572,7.3011,8.7725,-6.2017
JPM,2021-08-30,medium_term,BUY_STARTER,65.75,medium_high,BULL_RISK_ON,PROFITABLE_GROWTH,3,142.21104431152344,90.0,63.0,50.0,50.0,strong_uptrend,57.65,False,142.21,140.74,145.77,78.1,90.0,72.5,81.0,50.6,22.8,67.5,50.0,50.0,50.0,60.0,1.0979,3.0645,5.2262,-1.9666,-4.1283,-6.2017
JPM,2021-08-30,long_term,ACCUMULATE_ON_WEAKNESS,59.94,medium,BULL_RISK_ON,PROFITABLE_GROWTH,3,142.21104431152344,90.0,63.0,50.0,50.0,strong_uptrend,57.65,False,142.16,140.74,145.77,78.1,90.0,72.5,81.0,50.6,22.8,67.5,50.0,50.0,50.0,60.0,-26.6521,-10.6933,-20.3986,-15.9588,-6.2535,-32.0052
JPM,2021-09-06,short_term,WAIT_FOR_PULLBACK,57.6,medium,BULL_RISK_ON,PROFITABLE_GROWTH,3,141.36900329589844,90.0,63.0,50.0,50.0,strong_uptrend,54.46,False,140.36,138.96,141.37,58.8,90.0,70.0,53.0,50.6,18.2,67.5,50.0,50.0,50.0,60.0,4.6774,-4.7505,-7.6154,9.4279,12.2928,-5.643
JPM,2021-09-06,medium_term,BUY_STARTER,60.65,medium,BULL_RISK_ON,PROFITABLE_GROWTH,3,141.36900329589844,90.0,63.0,50.0,50.0,strong_uptrend,54.46,False,141.37,138.96,141.37,58.8,90.0,70.0,53.0,50.6,18.2,67.5,50.0,50.0,50.0,60.0,-0.1544,0.7559,0.3781,-0.9103,-0.5325,-5.643
JPM,2021-09-06,long_term,ACCUMULATE_ON_WEAKNESS,58.97,medium,BULL_RISK_ON,PROFITABLE_GROWTH,3,141.36900329589844,90.0,63.0,50.0,50.0,strong_uptrend,54.46,False,140.36,138.96,141.37,58.8,90.0,70.0,53.0,50.6,18.2,67.5,50.0,50.0,50.0,60.0,-26.6473,-12.2146,-22.8813,-14.4327,-3.766,-31.6002
JPM,2021-09-13,short_term,WAIT_FOR_PULLBACK,59.69,medium,BULL_RISK_ON,PROFITABLE_GROWTH,3,141.69696044921875,90.0,63.0,50.0,40.0,strong_uptrend,54.79,False,140.2986,138.9,145.78,82.5,80.0,72.5,23.0,60.0,25.2,67.5,50.0,50.0,50.0,55.0,4.8693,-2.3506,-4.6615,7.2199,9.5308,-5.8614
JPM,2021-09-13,medium_term,WATCHLIST_NEEDS_CONFIRMATION,54.45,medium,BULL_RISK_ON,PROFITABLE_GROWTH,3,141.69696044921875,90.0,63.0,50.0,40.0,strong_uptrend,54.79,False,140.2986,138.9,145.78,82.5,80.0,72.5,23.0,60.0,25.2,67.5,50.0,50.0,50.0,55.0,0.5774,5.7477,5.8782,-5.1703,-5.3008,-5.8614
JPM,2021-09-13,long_term,ACCUMULATE_ON_WEAKNESS,59.12,medium,BULL_RISK_ON,PROFITABLE_GROWTH,3,141.69696044921875,90.0,63.0,50.0,40.0,strong_uptrend,54.79,False,140.2986,138.9,145.78,82.5,80.0,72.5,23.0,60.0,25.2,67.5,50.0,50.0,50.0,55.0,-25.112,-10.7239,-21.5232,-14.3881,-3.5888,-31.7585
JPM,2021-09-20,short_term,AVOID_BAD_CHART,39.39,low,SIDEWAYS_CHOPPY,PROFITABLE_GROWTH,3,135.58091735839844,70.0,63.0,50.0,40.0,weak_uptrend,37.84,False,135.3139,133.96,138.63,38.0,60.0,48.8,23.0,55.3,30.0,67.5,50.0,50.0,50.0,55.0,9.5408,3.0297,1.9004,6.5111,7.6404,-0.2484
JPM,2021-09-20,medium_term,WATCHLIST_NEEDS_CONFIRMATION,48.95,low,SIDEWAYS_CHOPPY,PROFITABLE_GROWTH,3,135.58091735839844,70.0,63.0,50.0,40.0,weak_uptrend,37.84,False,135.3139,133.96,138.63,38.0,60.0,48.8,23.0,55.3,30.0,67.5,50.0,50.0,50.0,55.0,3.1019,6.3233,5.2529,-3.2214,-2.151,-0.2484
JPM,2021-09-20,long_term,WATCHLIST_VALUATION_TOO_RICH,54.66,medium,SIDEWAYS_CHOPPY,PROFITABLE_GROWTH,3,135.58091735839844,70.0,63.0,50.0,40.0,weak_uptrend,37.84,False,135.3139,133.96,138.63,38.0,60.0,48.8,23.0,55.3,30.0,67.5,50.0,50.0,50.0,55.0,-22.1103,-10.1691,-20.5541,-11.9412,-1.5562,-28.6802
JPM,2021-09-27,short_term,WAIT_FOR_PULLBACK,66.04,medium_high,BULL_RISK_ON,PROFITABLE_GROWTH,3,148.0079803466797,100.0,63.0,50.0,40.0,strong_uptrend,66.67,False,145.12,143.67,162.81,85.9,80.0,48.8,53.0,60.0,50.2,67.5,50.0,50.0,50.0,55.0,2.9884,2.9166,2.0467,0.0718,0.9417,-3.5666
JPM,2021-09-27,medium_term,BUY_STARTER,63.05,medium,BULL_RISK_ON,PROFITABLE_GROWTH,3,148.0079803466797,100.0,63.0,50.0,40.0,strong_uptrend,66.67,False,148.01,143.67,162.81,85.9,80.0,48.8,53.0,60.0,50.2,67.5,50.0,50.0,50.0,55.0,-4.7113,8.2,9.0848,-12.9113,-13.7961,-8.519
JPM,2021-09-27,long_term,ACCUMULATE_ON_WEAKNESS,59.3,medium,BULL_RISK_ON,PROFITABLE_GROWTH,3,148.0079803466797,100.0,63.0,50.0,40.0,strong_uptrend,66.67,False,145.12,143.67,162.81,85.9,80.0,48.8,53.0,60.0,50.2,67.5,50.0,50.0,50.0,55.0,-34.7977,-16.664,-25.4233,-18.1337,-9.3744,-35.5369
JPM,2021-10-04,short_term,WAIT_FOR_PULLBACK,64.06,medium,SIDEWAYS_CHOPPY,PROFITABLE_GROWTH,3,147.9813995361328,100.0,63.0,50.0,40.0,strong_uptrend,63.16,False,144.705,143.26,150.06,88.8,95.0,63.7,38.0,60.0,66.8,67.5,50.0,50.0,50.0,55.0,2.32,7.3255,9.8718,-5.0055,-7.5518,-3.5493
JPM,2021-10-04,medium_term,BUY_STARTER,63.72,medium,SIDEWAYS_CHOPPY,PROFITABLE_GROWTH,3,147.9813995361328,100.0,63.0,50.0,40.0,strong_uptrend,63.16,False,147.98,143.26,150.06,88.8,95.0,63.7,38.0,60.0,66.8,67.5,50.0,50.0,50.0,55.0,-2.561,11.8394,14.0585,-14.4004,-16.6195,-8.5026
JPM,2021-10-04,long_term,ACCUMULATE_ON_WEAKNESS,60.94,medium,SIDEWAYS_CHOPPY,PROFITABLE_GROWTH,3,147.9813995361328,100.0,63.0,50.0,40.0,strong_uptrend,63.16,False,144.705,143.26,150.06,88.8,95.0,63.7,38.0,60.0,66.8,67.5,50.0,50.0,50.0,55.0,-30.5226,-10.4868,-19.4905,-20.0358,-11.0321,-35.6793
JPM,2021-10-11,short_term,WAIT_FOR_PULLBACK,63.57,medium,SIDEWAYS_CHOPPY,PROFITABLE_GROWTH,3,148.5966796875,100.0,63.0,50.0,40.0,strong_uptrend,58.87,False,148.03,146.55,150.06,90.0,95.0,70.0,33.0,60.0,59.8,67.5,50.0,50.0,50.0,55.0,1.4522,7.8769,11.0689,-6.4247,-9.6167,-3.9486
JPM,2021-10-11,medium_term,BUY_STARTER,61.92,medium,SIDEWAYS_CHOPPY,PROFITABLE_GROWTH,3,148.5966796875,100.0,63.0,50.0,40.0,strong_uptrend,58.87,False,148.6,146.55,150.06,90.0,95.0,70.0,33.0,60.0,59.8,67.5,50.0,50.0,50.0,55.0,1.0099,7.4663,6.1959,-6.4564,-5.186,-8.8814
JPM,2021-10-11,long_term,ACCUMULATE_ON_WEAKNESS,61.0,medium,SIDEWAYS_CHOPPY,PROFITABLE_GROWTH,3,148.5966796875,100.0,63.0,50.0,40.0,strong_uptrend,58.87,False,148.03,146.55,150.06,90.0,95.0,70.0,33.0,60.0,59.8,67.5,50.0,50.0,50.0,55.0,-36.883,-16.4569,-26.228,-20.4261,-10.655,-36.9511
JPM,2021-10-18,short_term,BUY_NOW_MOMENTUM,75.24,medium_high,BULL_RISK_ON,PROFITABLE_GROWTH,3,148.51644897460938,100.0,63.0,50.0,50.0,strong_uptrend,56.66,False,148.03,146.55,150.06,90.0,90.0,72.5,53.0,60.0,65.0,67.5,50.0,50.0,50.0,60.0,0.006,4.526,5.8929,-4.52,-5.8869,-0.4984
JPM,2021-10-18,medium_term,BUY_STARTER,67.97,medium_high,BULL_RISK_ON,PROFITABLE_GROWTH,3,148.51644897460938,100.0,63.0,50.0,50.0,strong_uptrend,56.66,False,148.52,146.55,150.06,90.0,90.0,72.5,53.0,60.0,65.0,67.5,50.0,50.0,50.0,60.0,-8.63,2.4383,-0.4365,-11.0683,-8.1935,-9.071
JPM,2021-10-18,long_term,ACCUMULATE_ON_WEAKNESS,61.0,medium,BULL_RISK_ON,PROFITABLE_GROWTH,3,148.51644897460938,100.0,63.0,50.0,50.0,strong_uptrend,56.66,False,148.03,146.55,150.06,90.0,90.0,72.5,53.0,60.0,65.0,67.5,50.0,50.0,50.0,60.0,-26.3939,-15.7526,-26.6937,-10.6413,0.2998,-37.2701
JPM,2021-10-25,short_term,BUY_NOW_MOMENTUM,71.54,medium_high,BULL_RISK_ON,PROFITABLE_GROWTH,3,152.4311065673828,100.0,63.0,50.0,50.0,strong_uptrend,61.48,False,148.03,146.55,167.67,100.0,90.0,68.8,26.0,60.0,66.5,67.5,50.0,50.0,50.0,60.0,-3.8552,2.6386,5.6545,-6.4938,-9.5097,-6.7217
JPM,2021-10-25,medium_term,BUY_STARTER,63.99,medium,BULL_RISK_ON,PROFITABLE_GROWTH,3,152.4311065673828,100.0,63.0,50.0,50.0,strong_uptrend,61.48,False,152.43,146.55,167.67,100.0,90.0,68.8,26.0,60.0,66.5,67.5,50.0,50.0,50.0,60.0,-13.766,-4.2923,-8.5675,-9.4737,-5.1985,-17.8621
JPM,2021-10-25,long_term,ACCUMULATE_ON_WEAKNESS,61.5,medium,BULL_RISK_ON,PROFITABLE_GROWTH,3,152.4311065673828,100.0,63.0,50.0,50.0,strong_uptrend,61.48,False,148.03,146.55,167.67,100.0,90.0,68.8,26.0,60.0,66.5,67.5,50.0,50.0,50.0,60.0,-25.9548,-14.2257,-24.3284,-11.7291,-1.6264,-38.8811
JPM,2021-11-01,short_term,WAIT_FOR_PULLBACK,69.49,medium_high,BULL_RISK_ON,PROFITABLE_GROWTH,3,151.41453552246094,100.0,63.0,50.0,50.0,strong_uptrend,56.75,False,148.625,147.14,152.33,90.0,90.0,70.0,31.0,60.0,62.3,67.5,50.0,50.0,50.0,60.0,-6.4605,-0.9738,1.6493,-5.4867,-8.1098,-6.7785
JPM,2021-11-01,medium_term,BUY_STARTER,64.1,medium,BULL_RISK_ON,PROFITABLE_GROWTH,3,151.41453552246094,100.0,63.0,50.0,50.0,strong_uptrend,56.75,False,151.41,147.14,152.33,90.0,90.0,70.0,31.0,60.0,62.3,67.5,50.0,50.0,50.0,60.0,-10.45,-1.1953,-5.5347,-9.2547,-4.9153,-17.3106
JPM,2021-11-01,long_term,ACCUMULATE_ON_WEAKNESS,61.0,medium,BULL_RISK_ON,PROFITABLE_GROWTH,3,151.41453552246094,100.0,63.0,50.0,50.0,strong_uptrend,56.75,False,148.625,147.14,152.33,90.0,90.0,70.0,31.0,60.0,62.3,67.5,50.0,50.0,50.0,60.0,-22.1468,-15.1512,-28.5474,-6.9956,6.4006,-38.4707
JPM,2021-11-08,short_term,WAIT_FOR_PULLBACK,55.04,medium,BULL_RISK_ON,PROFITABLE_GROWTH,3,150.754638671875,90.0,63.0,50.0,50.0,strong_uptrend,53.99,False,150.63,149.12,153.62,65.0,90.0,70.0,16.0,60.0,35.2,67.5,50.0,50.0,50.0,60.0,-3.8389,-0.1386,-0.0578,-3.7003,-3.7811,-7.0212
JPM,2021-11-08,medium_term,WATCHLIST_NEEDS_CONFIRMATION,57.53,medium,BULL_RISK_ON,PROFITABLE_GROWTH,3,150.754638671875,90.0,63.0,50.0,50.0,strong_uptrend,53.99,False,150.63,149.12,153.62,65.0,90.0,70.0,16.0,60.0,35.2,67.5,50.0,50.0,50.0,60.0,-7.2017,-3.4985,-9.6672,-3.7032,2.4655,-16.9486
JPM,2021-11-08,long_term,ACCUMULATE_ON_WEAKNESS,59.75,medium,BULL_RISK_ON,PROFITABLE_GROWTH,3,150.754638671875,90.0,63.0,50.0,50.0,strong_uptrend,53.99,False,150.63,149.12,153.62,65.0,90.0,70.0,16.0,60.0,35.2,67.5,50.0,50.0,50.0,60.0,-19.7924,-17.3052,-31.8636,-2.4872,12.0712,-38.2014
JPM,2021-11-15,short_term,WATCHLIST,48.49,low,BULL_RISK_ON,PROFITABLE_GROWTH,3,148.52529907226562,90.0,63.0,50.0,50.0,strong_uptrend,46.88,False,144.705,143.26,153.62,52.6,75.0,63.7,16.0,60.0,24.0,67.5,50.0,50.0,50.0,60.0,-4.4608,-0.8707,-1.6244,-3.5901,-2.8364,-5.6256
JPM,2021-11-15,medium_term,WATCHLIST_NEEDS_CONFIRMATION,52.65,medium,BULL_RISK_ON,PROFITABLE_GROWTH,3,148.52529907226562,90.0,63.0,50.0,50.0,strong_uptrend,46.88,False,144.705,143.26,153.62,52.6,75.0,63.7,16.0,60.0,24.0,67.5,50.0,50.0,50.0,60.0,-6.5517,-4.2279,-9.6361,-2.3238,3.0844,-15.7021
JPM,2021-11-15,long_term,ACCUMULATE_ON_WEAKNESS,57.63,medium,BULL_RISK_ON,PROFITABLE_GROWTH,3,148.52529907226562,90.0,63.0,50.0,50.0,strong_uptrend,46.88,False,144.705,143.26,153.62,52.6,75.0,63.7,16.0,60.0,24.0,67.5,50.0,50.0,50.0,60.0,-17.6657,-13.4587,-26.2061,-4.207,8.5404,-37.2738
JPM,2021-11-22,short_term,WATCHLIST,42.72,low,BULL_RISK_ON,PROFITABLE_GROWTH,3,146.5546417236328,70.0,63.0,50.0,50.0,weak_uptrend,44.63,False,144.705,143.26,147.42,35.7,50.0,51.2,23.0,60.0,24.0,67.5,50.0,50.0,50.0,60.0,-5.0259,-0.6166,-2.4024,-4.4093,-2.6235,-7.6118
JPM,2021-11-22,medium_term,WATCHLIST_NEEDS_CONFIRMATION,48.53,low,BULL_RISK_ON,PROFITABLE_GROWTH,3,146.5546417236328,70.0,63.0,50.0,50.0,weak_uptrend,44.63,False,144.705,143.26,147.42,35.7,50.0,51.2,23.0,60.0,24.0,67.5,50.0,50.0,50.0,60.0,-8.9861,-9.4398,-17.3952,0.4537,8.4091,-14.5685
JPM,2021-11-22,long_term,WATCHLIST_VALUATION_TOO_RICH,54.28,medium,BULL_RISK_ON,PROFITABLE_GROWTH,3,146.5546417236328,70.0,63.0,50.0,50.0,weak_uptrend,44.63,False,144.705,143.26,147.42,35.7,50.0,51.2,23.0,60.0,24.0,67.5,50.0,50.0,50.0,60.0,-15.2405,-13.1785,-27.9398,-2.062,12.6993,-36.4303
JPM,2021-11-29,short_term,WATCHLIST,41.03,low,BULL_RISK_ON,PROFITABLE_GROWTH,3,143.77243041992188,45.0,63.0,50.0,50.0,weak_uptrend,39.77,False,142.303,140.88,145.78,38.0,45.0,51.2,20.0,55.3,17.0,67.5,50.0,50.0,50.0,60.0,-1.6064,3.0016,0.6087,-4.608,-2.2151,-5.824
JPM,2021-11-29,medium_term,WATCHLIST_NEEDS_CONFIRMATION,45.92,low,BULL_RISK_ON,PROFITABLE_GROWTH,3,143.77243041992188,45.0,63.0,50.0,50.0,weak_uptrend,39.77,False,142.303,140.88,145.78,38.0,45.0,51.2,20.0,55.3,17.0,67.5,50.0,50.0,50.0,60.0,-14.862,-7.1264,-14.4522,-7.7356,-0.4098,-16.6528
JPM,2021-11-29,long_term,WATCHLIST_VALUATION_TOO_RICH,53.66,medium,BULL_RISK_ON,PROFITABLE_GROWTH,3,143.77243041992188,45.0,63.0,50.0,50.0,weak_uptrend,39.77,False,142.303,140.88,145.78,38.0,45.0,51.2,20.0,55.3,17.0,67.5,50.0,50.0,50.0,60.0,-12.6278,-13.6439,-29.3646,1.0161,16.7368,-35.2002
JPM,2021-12-06,short_term,AVOID_BAD_CHART,38.05,low,BULL_RISK_ON,PROFITABLE_GROWTH,3,142.81832885742188,45.0,63.0,50.0,50.0,weak_uptrend,42.65,False,142.3223,140.9,147.2,28.0,45.0,51.2,18.0,55.3,18.0,67.5,50.0,50.0,50.0,60.0,4.7889,4.4547,2.7904,0.3342,1.9985,-5.1948
JPM,2021-12-06,medium_term,WATCHLIST_NEEDS_CONFIRMATION,45.77,low,BULL_RISK_ON,PROFITABLE_GROWTH,3,142.81832885742188,45.0,63.0,50.0,50.0,weak_uptrend,42.65,False,142.3223,140.9,147.2,28.0,45.0,51.2,18.0,55.3,18.0,67.5,50.0,50.0,50.0,60.0,-19.4124,-8.9535,-16.167,-10.4589,-3.2454,-20.0594
JPM,2021-12-06,long_term,WATCHLIST_VALUATION_TOO_RICH,53.16,medium,BULL_RISK_ON,PROFITABLE_GROWTH,3,142.81832885742188,45.0,63.0,50.0,50.0,weak_uptrend,42.65,False,142.3223,140.9,147.2,28.0,45.0,51.2,18.0,55.3,18.0,67.5,50.0,50.0,50.0,60.0,-15.2451,-12.86,-26.6081,-2.3851,11.363,-34.7673
JPM,2021-12-13,short_term,AVOID_BAD_CHART,37.31,low,BULL_RISK_ON,PROFITABLE_GROWTH,3,140.82086181640625,40.0,63.0,50.0,50.0,weak_uptrend,39.51,False,135.3162,133.96,147.2,28.0,35.0,53.8,18.0,55.3,10.0,67.5,50.0,50.0,50.0,60.0,6.6958,1.0353,-1.5161,5.6605,8.2119,-3.8501
JPM,2021-12-13,medium_term,AVOID_BAD_BUSINESS,42.43,low,BULL_RISK_ON,PROFITABLE_GROWTH,3,140.82086181640625,40.0,63.0,50.0,50.0,weak_uptrend,39.51,False,135.3162,133.96,147.2,28.0,35.0,53.8,18.0,55.3,10.0,67.5,50.0,50.0,50.0,60.0,-15.6066,-8.338,-16.2369,-7.2686,0.6303,-18.9255
JPM,2021-12-13,long_term,WATCHLIST_VALUATION_TOO_RICH,52.16,medium,BULL_RISK_ON,PROFITABLE_GROWTH,3,140.82086181640625,40.0,63.0,50.0,50.0,weak_uptrend,39.51,False,135.3162,133.96,147.2,28.0,35.0,53.8,18.0,55.3,10.0,67.5,50.0,50.0,50.0,60.0,-12.4164,-12.542,-25.9539,0.1256,13.5375,-33.842
JPM,2021-12-20,short_term,AVOID_BAD_CHART,31.35,low,SIDEWAYS_CHOPPY,PROFITABLE_GROWTH,3,137.2718048095703,20.0,63.0,50.0,40.0,downtrend,35.81,False,135.3162,133.96,138.63,28.0,15.0,48.8,15.0,45.9,10.0,67.5,50.0,50.0,50.0,55.0,-2.6746,-0.7099,-3.7327,-1.9647,1.0581,-2.9229
JPM,2021-12-20,medium_term,AVOID_BAD_BUSINESS,35.75,low,SIDEWAYS_CHOPPY,PROFITABLE_GROWTH,3,137.2718048095703,20.0,63.0,50.0,40.0,downtrend,35.81,False,135.3162,133.96,138.63,28.0,15.0,48.8,15.0,45.9,10.0,67.5,50.0,50.0,50.0,55.0,-6.7982,-0.8777,-6.1175,-5.9205,-0.6807,-16.8294
JPM,2021-12-20,long_term,WATCHLIST_VALUATION_TOO_RICH,49.2,low,SIDEWAYS_CHOPPY,PROFITABLE_GROWTH,3,137.2718048095703,20.0,63.0,50.0,40.0,downtrend,35.81,False,135.3162,133.96,138.63,28.0,15.0,48.8,15.0,45.9,10.0,67.5,50.0,50.0,50.0,55.0,-12.4237,-15.0043,-28.6752,2.5806,16.2515,-32.1315
JPM,2021-12-27,short_term,AVOID_BAD_CHART,39.98,low,BULL_RISK_ON,PROFITABLE_GROWTH,3,141.0348663330078,40.0,63.0,50.0,40.0,weak_uptrend,45.74,False,135.4368,134.08,147.2,40.0,35.0,68.8,15.0,45.9,0.0,67.5,50.0,50.0,50.0,55.0,-6.798,-8.9658,-14.4667,2.1678,7.6687,-11.225
JPM,2021-12-27,medium_term,AVOID_BAD_BUSINESS,39.88,low,BULL_RISK_ON,PROFITABLE_GROWTH,3,141.0348663330078,40.0,63.0,50.0,40.0,weak_uptrend,45.74,False,135.4368,134.08,147.2,40.0,35.0,68.8,15.0,45.9,0.0,67.5,50.0,50.0,50.0,55.0,-10.3981,-4.1767,-9.4475,-6.2214,-0.9506,-19.0485
JPM,2021-12-27,long_term,WATCHLIST_VALUATION_TOO_RICH,51.8,medium,BULL_RISK_ON,PROFITABLE_GROWTH,3,141.0348663330078,40.0,63.0,50.0,40.0,weak_uptrend,45.74,False,135.4368,134.08,147.2,40.0,35.0,68.8,15.0,45.9,0.0,67.5,50.0,50.0,50.0,55.0,-14.0755,-18.789,-34.1919,4.7135,20.1164,-33.9424
JPM,2022-01-03,short_term,WATCHLIST,53.76,medium,BULL_RISK_ON,PROFITABLE_GROWTH,3,144.1915740966797,55.0,63.0,50.0,40.0,weak_uptrend,55.06,False,142.3538,140.93,147.2,65.0,50.0,63.7,45.0,45.9,9.8,67.5,50.0,50.0,50.0,55.0,-5.9641,-5.1831,-9.0022,-0.781,3.0381,-13.1685
JPM,2022-01-03,medium_term,WATCHLIST_NEEDS_CONFIRMATION,49.23,low,BULL_RISK_ON,PROFITABLE_GROWTH,3,144.1915740966797,55.0,63.0,50.0,40.0,weak_uptrend,55.06,False,142.3538,140.93,147.2,65.0,50.0,63.7,45.0,45.9,9.8,67.5,50.0,50.0,50.0,55.0,-15.4455,-4.0801,-7.9475,-11.3654,-7.498,-20.8207
JPM,2022-01-03,long_term,WATCHLIST_VALUATION_TOO_RICH,54.55,medium,BULL_RISK_ON,PROFITABLE_GROWTH,3,144.1915740966797,55.0,63.0,50.0,40.0,weak_uptrend,55.06,False,142.3538,140.93,147.2,65.0,50.0,63.7,45.0,45.9,9.8,67.5,50.0,50.0,50.0,55.0,-12.9965,-18.3635,-33.3553,5.367,20.3588,-35.3885
JPM,2022-01-10,short_term,WAIT_FOR_PULLBACK,67.07,medium_high,BULL_RISK_ON,PROFITABLE_GROWTH,3,150.097412109375,90.0,63.0,50.0,40.0,strong_uptrend,63.87,False,148.7956,147.31,153.63,92.8,80.0,61.3,55.0,50.6,32.0,67.5,50.0,50.0,50.0,55.0,-6.7954,-3.1299,-5.5221,-3.6655,-1.2733,-16.585
JPM,2022-01-10,medium_term,BUY_STARTER,60.52,medium,BULL_RISK_ON,PROFITABLE_GROWTH,3,150.097412109375,90.0,63.0,50.0,40.0,strong_uptrend,63.87,False,150.1,147.31,153.63,92.8,80.0,61.3,55.0,50.6,32.0,67.5,50.0,50.0,50.0,55.0,-19.9224,-5.2036,-10.2072,-14.7188,-9.7152,-23.9362
JPM,2022-01-10,long_term,ACCUMULATE_ON_WEAKNESS,59.17,medium,BULL_RISK_ON,PROFITABLE_GROWTH,3,150.097412109375,90.0,63.0,50.0,40.0,strong_uptrend,63.87,False,148.7956,147.31,153.63,92.8,80.0,61.3,55.0,50.6,32.0,67.5,50.0,50.0,50.0,55.0,-13.796,-13.6567,-26.4435,-0.1393,12.6475,-37.9308
JPM,2022-01-17,short_term,AVOID_BAD_CHART,43.64,low,SIDEWAYS_CHOPPY,PROFITABLE_GROWTH,3,141.6380615234375,45.0,63.0,50.0,50.0,downtrend,42.16,False,135.4368,134.08,147.2,35.5,30.0,55.0,58.0,45.9,10.5,67.5,50.0,50.0,50.0,60.0,-3.4201,-3.827,-6.2232,0.4069,2.8031,-11.603
JPM,2022-01-17,medium_term,WATCHLIST_NEEDS_CONFIRMATION,45.77,low,SIDEWAYS_CHOPPY,PROFITABLE_GROWTH,3,141.6380615234375,45.0,63.0,50.0,50.0,downtrend,42.16,False,135.4368,134.08,147.2,35.5,30.0,55.0,58.0,45.9,10.5,67.5,50.0,50.0,50.0,60.0,-18.0365,-3.759,-8.485,-14.2775,-9.5515,-20.2314
JPM,2022-01-17,long_term,WATCHLIST_VALUATION_TOO_RICH,51.57,medium,SIDEWAYS_CHOPPY,PROFITABLE_GROWTH,3,141.6380615234375,45.0,63.0,50.0,50.0,downtrend,42.16,False,135.4368,134.08,147.2,35.5,30.0,55.0,58.0,45.9,10.5,67.5,50.0,50.0,50.0,60.0,-10.6494,-12.8478,-24.4561,2.1984,13.8067,-34.2237
JPM,2022-01-24,short_term,AVOID_BAD_CHART,22.56,low,SIDEWAYS_CHOPPY,PROFITABLE_GROWTH,3,130.0299835205078,0.0,63.0,50.0,50.0,downtrend,27.87,False,120.81,119.6,134.04,0.0,15.0,36.2,26.0,41.2,0.0,67.5,50.0,50.0,50.0,60.0,4.7741,-2.335,-4.308,7.1091,9.0821,-2.8699
JPM,2022-01-24,medium_term,AVOID_BAD_BUSINESS,36.4,low,SIDEWAYS_CHOPPY,PROFITABLE_GROWTH,3,130.0299835205078,0.0,63.0,50.0,50.0,downtrend,27.87,False,120.81,119.6,134.04,0.0,15.0,36.2,26.0,41.2,0.0,67.5,50.0,50.0,50.0,60.0,-11.894,-2.2733,-6.5986,-9.6207,-5.2954,-14.4377
JPM,2022-01-24,long_term,WATCHLIST_VALUATION_TOO_RICH,48.06,low,SIDEWAYS_CHOPPY,PROFITABLE_GROWTH,3,130.0299835205078,0.0,63.0,50.0,50.0,downtrend,27.87,False,120.81,119.6,134.04,0.0,15.0,36.2,26.0,41.2,0.0,67.5,50.0,50.0,50.0,60.0,-0.8557,-7.5016,-17.9591,6.6459,17.1034,-28.3517
JPM,2022-01-31,short_term,AVOID_BAD_CHART,33.59,low,SIDEWAYS_CHOPPY,PROFITABLE_GROWTH,3,133.30430603027344,10.0,63.0,50.0,50.0,downtrend,39.37,False,125.2,123.95,138.63,28.0,15.0,60.0,20.0,45.9,0.0,67.5,50.0,50.0,50.0,60.0,-8.1763,-4.4298,-5.9386,-3.7465,-2.2377,-10.1077
JPM,2022-01-31,medium_term,AVOID_BAD_BUSINESS,35.5,low,SIDEWAYS_CHOPPY,PROFITABLE_GROWTH,3,133.30430603027344,10.0,63.0,50.0,50.0,downtrend,39.37,False,125.2,123.95,138.63,28.0,15.0,60.0,20.0,45.9,0.0,67.5,50.0,50.0,50.0,60.0,-18.3426,-7.5887,-12.1681,-10.7539,-6.1745,-19.8544
JPM,2022-01-31,long_term,WATCHLIST_VALUATION_TOO_RICH,49.7,low,SIDEWAYS_CHOPPY,PROFITABLE_GROWTH,3,133.30430603027344,10.0,63.0,50.0,50.0,downtrend,39.37,False,125.2,123.95,138.63,28.0,15.0,60.0,20.0,45.9,0.0,67.5,50.0,50.0,50.0,60.0,-2.9642,-7.2116,-16.5025,4.2474,13.5383,-30.1116
JPM,2022-02-07,short_term,WATCHLIST,50.49,medium,SIDEWAYS_CHOPPY,PROFITABLE_GROWTH,3,137.31419372558594,20.0,63.0,50.0,50.0,downtrend,49.47,False,135.4369,134.08,138.63,50.0,30.0,72.5,51.0,45.9,18.0,67.5,50.0,50.0,50.0,60.0,-16.1822,-6.9333,-8.9488,-9.2489,-7.2334,-16.855
JPM,2022-02-07,medium_term,WATCHLIST_NEEDS_CONFIRMATION,45.85,low,SIDEWAYS_CHOPPY,PROFITABLE_GROWTH,3,137.31419372558594,20.0,63.0,50.0,50.0,downtrend,49.47,False,135.4369,134.08,138.63,50.0,30.0,72.5,51.0,45.9,18.0,67.5,50.0,50.0,50.0,60.0,-19.7993,-10.6992,-16.223,-9.1001,-3.5763,-22.1949
JPM,2022-02-07,long_term,WATCHLIST_VALUATION_TOO_RICH,52.3,medium,SIDEWAYS_CHOPPY,PROFITABLE_GROWTH,3,137.31419372558594,20.0,63.0,50.0,50.0,downtrend,49.47,False,135.4369,134.08,138.63,50.0,30.0,72.5,51.0,45.9,18.0,67.5,50.0,50.0,50.0,60.0,-3.7396,-6.6958,-13.6617,2.9562,9.9221,-32.1525
JPM,2022-02-14,short_term,AVOID_BAD_CHART,34.31,low,BEAR_RISK_OFF,PROFITABLE_GROWTH,3,136.7938995361328,20.0,63.0,50.0,50.0,downtrend,47.26,False,135.4369,134.08,138.63,20.0,25.0,70.0,23.0,45.9,18.0,67.5,50.0,50.0,50.0,60.0,-13.1222,-2.927,-5.5656,-10.1952,-7.5566,-16.5388
JPM,2022-02-14,medium_term,AVOID_BAD_BUSINESS,39.23,low,BEAR_RISK_OFF,PROFITABLE_GROWTH,3,136.7938995361328,20.0,63.0,50.0,50.0,downtrend,47.26,False,135.4369,134.08,138.63,20.0,25.0,70.0,23.0,45.9,18.0,67.5,50.0,50.0,50.0,60.0,-21.8725,-8.5844,-14.0093,-13.2881,-7.8632,-23.7818
JPM,2022-02-14,long_term,WATCHLIST_VALUATION_TOO_RICH,50.3,medium,BEAR_RISK_OFF,PROFITABLE_GROWTH,3,136.7938995361328,20.0,63.0,50.0,50.0,downtrend,47.26,False,135.4369,134.08,138.63,20.0,25.0,70.0,23.0,45.9,18.0,67.5,50.0,50.0,50.0,60.0,-2.5876,-4.1738,-10.3923,1.5862,7.8047,-31.8944
JPM,2022-02-21,short_term,WATCHLIST,49.56,low,BEAR_RISK_OFF,PROFITABLE_GROWTH,3,136.47988891601562,35.0,63.0,50.0,50.0,sideways,46.77,False,135.4822,134.13,138.63,35.0,35.0,70.0,66.0,45.9,45.0,67.5,50.0,50.0,50.0,60.0,-8.2095,3.7713,3.6775,-11.9808,-11.887,-16.3468
JPM,2022-02-21,medium_term,WATCHLIST_NEEDS_CONFIRMATION,51.29,medium,BEAR_RISK_OFF,PROFITABLE_GROWTH,3,136.47988891601562,35.0,63.0,50.0,50.0,sideways,46.77,False,135.4822,134.13,138.63,35.0,35.0,70.0,66.0,45.9,45.0,67.5,50.0,50.0,50.0,60.0,-22.302,-9.0159,-14.5063,-13.2861,-7.7957,-23.8382
JPM,2022-02-21,long_term,WATCHLIST_VALUATION_TOO_RICH,52.05,medium,BEAR_RISK_OFF,PROFITABLE_GROWTH,3,136.47988891601562,35.0,63.0,50.0,50.0,sideways,46.77,False,135.4822,134.13,138.63,35.0,35.0,70.0,66.0,45.9,45.0,67.5,50.0,50.0,50.0,60.0,-5.9214,-5.7184,-12.323,-0.203,6.4016,-31.7377
JPM,2022-02-28,short_term,AVOID_BAD_CHART,23.82,low,BEAR_RISK_OFF,PROFITABLE_GROWTH,3,127.20421600341797,20.0,63.0,50.0,50.0,downtrend,34.24,False,125.295,124.04,140.42,0.0,15.0,32.5,35.0,34.1,18.0,67.5,50.0,50.0,50.0,60.0,-0.6558,4.74,5.3521,-5.3958,-6.0079,-10.2468
JPM,2022-02-28,medium_term,AVOID_BAD_BUSINESS,39.03,low,BEAR_RISK_OFF,PROFITABLE_GROWTH,3,127.20421600341797,20.0,63.0,50.0,50.0,downtrend,34.24,False,125.295,124.04,140.42,0.0,15.0,32.5,35.0,34.1,18.0,67.5,50.0,50.0,50.0,60.0,-6.7398,-4.5989,-10.7606,-2.1409,4.0208,-18.2845
JPM,2022-02-28,long_term,WATCHLIST_VALUATION_TOO_RICH,47.7,low,BEAR_RISK_OFF,PROFITABLE_GROWTH,3,127.20421600341797,20.0,63.0,50.0,50.0,downtrend,34.24,False,125.295,124.04,140.42,0.0,15.0,32.5,35.0,34.1,18.0,67.5,50.0,50.0,50.0,60.0,3.8455,-8.1273,-15.4135,11.9728,19.259,-26.7601
JPM,2022-03-07,short_term,AVOID_BAD_CHART,20.26,low,BEAR_RISK_OFF,PROFITABLE_GROWTH,3,115.91016387939453,0.0,63.0,50.0,50.0,downtrend,26.04,False,104.32,106.64,126.47,0.0,10.0,32.5,26.0,25.9,10.0,67.5,50.0,50.0,50.0,60.0,5.1853,9.248,13.8203,-4.0627,-8.635,-1.5015
JPM,2022-03-07,medium_term,AVOID_BAD_BUSINESS,35.61,low,BEAR_RISK_OFF,PROFITABLE_GROWTH,3,115.91016387939453,0.0,63.0,50.0,50.0,downtrend,26.04,False,104.32,106.64,126.47,0.0,10.0,32.5,26.0,25.9,10.0,67.5,50.0,50.0,50.0,60.0,1.1466,-1.5165,-5.3131,2.6631,6.4597,-10.3223
JPM,2022-03-07,long_term,WATCHLIST_VALUATION_TOO_RICH,46.8,low,BEAR_RISK_OFF,PROFITABLE_GROWTH,3,115.91016387939453,0.0,63.0,50.0,50.0,downtrend,26.04,False,104.32,106.64,126.47,0.0,10.0,32.5,26.0,25.9,10.0,67.5,50.0,50.0,50.0,60.0,10.1665,-3.347,-7.6479,13.5135,17.8144,-19.6237
JPM,2022-03-14,short_term,AVOID_BAD_CHART,21.38,low,BEAR_RISK_OFF,PROFITABLE_GROWTH,3,116.77133178710938,15.0,63.0,50.0,40.0,downtrend,33.46,False,114.685,113.54,120.8,10.0,15.0,37.5,11.0,25.9,18.0,67.5,50.0,50.0,50.0,55.0,2.9314,5.8241,7.2733,-2.8927,-4.3419,-0.3732
JPM,2022-03-14,medium_term,AVOID_BAD_BUSINESS,35.08,low,BEAR_RISK_OFF,PROFITABLE_GROWTH,3,116.77133178710938,15.0,63.0,50.0,40.0,downtrend,33.46,False,114.685,113.54,120.8,10.0,15.0,37.5,11.0,25.9,18.0,67.5,50.0,50.0,50.0,55.0,-10.233,-9.7926,-13.3323,-0.4404,3.0993,-10.9837
JPM,2022-03-14,long_term,WATCHLIST_VALUATION_TOO_RICH,47.3,low,BEAR_RISK_OFF,PROFITABLE_GROWTH,3,116.77133178710938,15.0,63.0,50.0,40.0,downtrend,33.46,False,114.685,113.54,120.8,10.0,15.0,37.5,11.0,25.9,18.0,67.5,50.0,50.0,50.0,55.0,1.7834,-5.133,-5.3547,6.9164,7.1381,-20.2165
JPM,2022-03-21,short_term,AVOID_BAD_CHART,42.79,low,BULL_NARROW_LEADERSHIP,PROFITABLE_GROWTH,3,125.27552795410156,20.0,63.0,50.0,40.0,downtrend,48.57,False,119.83,118.63,126.41,50.0,25.0,72.5,31.0,25.9,10.0,67.5,50.0,50.0,50.0,55.0,-5.4121,0.1463,-1.0912,-5.5584,-4.3209,-9.8126
JPM,2022-03-21,medium_term,AVOID_BAD_BUSINESS,40.15,low,BULL_NARROW_LEADERSHIP,PROFITABLE_GROWTH,3,125.27552795410156,20.0,63.0,50.0,40.0,downtrend,48.57,False,119.83,118.63,126.41,50.0,25.0,72.5,31.0,25.9,10.0,67.5,50.0,50.0,50.0,55.0,-16.4421,-15.2343,-19.5554,-1.2078,3.1133,-19.2988
JPM,2022-03-21,long_term,WATCHLIST_VALUATION_TOO_RICH,50.3,medium,BULL_NARROW_LEADERSHIP,PROFITABLE_GROWTH,3,125.27552795410156,20.0,63.0,50.0,40.0,downtrend,48.57,False,119.83,118.63,126.41,50.0,25.0,72.5,31.0,25.9,10.0,67.5,50.0,50.0,50.0,55.0,-5.925,-10.2695,-11.8853,4.3445,5.9603,-25.6325
JPM,2022-03-28,short_term,AVOID_BAD_CHART,47.81,low,LIQUIDITY_RALLY,PROFITABLE_GROWTH,3,126.36995697021484,25.0,63.0,50.0,40.0,downtrend,50.23,False,125.1925,123.94,126.41,50.0,25.0,66.2,55.0,32.9,15.2,67.5,50.0,50.0,50.0,55.0,-12.0239,-8.732,-13.0909,-3.2919,1.067,-12.1312
JPM,2022-03-28,medium_term,AVOID_BAD_BUSINESS,44.53,low,LIQUIDITY_RALLY,PROFITABLE_GROWTH,3,126.36995697021484,25.0,63.0,50.0,40.0,downtrend,50.23,False,125.1925,123.94,126.41,50.0,25.0,66.2,55.0,32.9,15.2,67.5,50.0,50.0,50.0,55.0,-17.1729,-16.147,-22.1493,-1.0259,4.9764,-20.2766
JPM,2022-03-28,long_term,WATCHLIST_VALUATION_TOO_RICH,50.65,medium,LIQUIDITY_RALLY,PROFITABLE_GROWTH,3,126.36995697021484,25.0,63.0,50.0,40.0,downtrend,50.23,False,125.1925,123.94,126.41,50.0,25.0,66.2,55.0,32.9,15.2,67.5,50.0,50.0,50.0,55.0,-5.3024,-10.4758,-13.6437,5.1734,8.3413,-26.2766
JPM,2022-04-04,short_term,AVOID_BAD_CHART,37.2,low,BULL_RISK_ON,PROFITABLE_GROWTH,3,121.9205093383789,35.0,63.0,50.0,40.0,sideways,42.37,False,119.83,118.63,126.41,23.0,15.0,57.5,30.0,32.9,15.0,67.5,50.0,50.0,50.0,55.0,-8.8059,-8.8485,-13.6691,0.0426,4.8632,-12.3712
JPM,2022-04-04,medium_term,AVOID_BAD_BUSINESS,40.4,low,BULL_RISK_ON,PROFITABLE_GROWTH,3,121.9205093383789,35.0,63.0,50.0,40.0,sideways,42.37,False,119.83,118.63,126.41,23.0,15.0,57.5,30.0,32.9,15.0,67.5,50.0,50.0,50.0,55.0,-16.3296,-15.7387,-21.6477,-0.5909,5.3181,-18.2664
JPM,2022-04-04,long_term,WATCHLIST_VALUATION_TOO_RICH,48.3,low,BULL_RISK_ON,PROFITABLE_GROWTH,3,121.9205093383789,35.0,63.0,50.0,40.0,sideways,42.37,False,119.83,118.63,126.41,23.0,15.0,57.5,30.0,32.9,15.0,67.5,50.0,50.0,50.0,55.0,-2.2482,-9.2588,-13.7971,7.0106,11.5489,-23.5861
JPM,2022-04-11,short_term,AVOID_BAD_CHART,32.97,low,SIDEWAYS_CHOPPY,PROFITABLE_GROWTH,3,120.19441223144531,15.0,63.0,50.0,40.0,downtrend,41.58,False,119.52,118.32,120.8,23.0,20.0,53.8,31.0,32.9,9.8,67.5,50.0,50.0,50.0,55.0,-10.609,-9.2812,-11.7722,-1.3278,1.1632,-11.609
JPM,2022-04-11,medium_term,AVOID_BAD_BUSINESS,39.12,low,SIDEWAYS_CHOPPY,PROFITABLE_GROWTH,3,120.19441223144531,15.0,63.0,50.0,40.0,downtrend,41.58,False,119.52,118.32,120.8,23.0,20.0,53.8,31.0,32.9,9.8,67.5,50.0,50.0,50.0,55.0,-15.1128,-13.5146,-16.0436,-1.5982,0.9308,-17.0926
JPM,2022-04-11,long_term,WATCHLIST_VALUATION_TOO_RICH,48.8,low,SIDEWAYS_CHOPPY,PROFITABLE_GROWTH,3,120.19441223144531,15.0,63.0,50.0,40.0,downtrend,41.58,False,119.52,118.32,120.8,23.0,20.0,53.8,31.0,32.9,9.8,67.5,50.0,50.0,50.0,55.0,0.2279,-4.4201,-5.6522,4.648,5.8801,-22.4887
JPM,2022-04-18,short_term,AVOID_BAD_CHART,23.77,low,SIDEWAYS_CHOPPY,PROFITABLE_GROWTH,3,116.09153747558594,15.0,63.0,50.0,50.0,downtrend,37.44,False,114.685,113.54,121.36,8.0,10.0,53.8,8.0,34.1,0.0,67.5,50.0,50.0,50.0,60.0,-7.9402,-8.649,-11.884,0.7088,3.9438,-10.1899
JPM,2022-04-18,medium_term,AVOID_BAD_BUSINESS,32.7,low,SIDEWAYS_CHOPPY,PROFITABLE_GROWTH,3,116.09153747558594,15.0,63.0,50.0,50.0,downtrend,37.44,False,114.685,113.54,121.36,8.0,10.0,53.8,8.0,34.1,0.0,67.5,50.0,50.0,50.0,60.0,-10.0317,-10.0476,-11.7561,0.0159,1.7244,-16.707
JPM,2022-04-18,long_term,WATCHLIST_VALUATION_TOO_RICH,47.6,low,SIDEWAYS_CHOPPY,PROFITABLE_GROWTH,3,116.09153747558594,15.0,63.0,50.0,50.0,downtrend,37.44,False,114.685,113.54,121.36,8.0,10.0,53.8,8.0,34.1,0.0,67.5,50.0,50.0,50.0,60.0,13.6089,-3.8389,-5.1762,17.4478,18.7851,-19.7493
JPM,2022-04-25,short_term,AVOID_BAD_CHART,25.77,low,SIDEWAYS_CHOPPY,PROFITABLE_GROWTH,3,114.56425476074219,15.0,63.0,50.0,50.0,downtrend,36.71,False,112.98,111.85,121.4,8.0,10.0,53.8,18.0,34.1,0.0,67.5,50.0,50.0,50.0,60.0,-1.7118,-7.372,-10.9533,5.6602,9.2415,-9.2688
JPM,2022-04-25,medium_term,AVOID_BAD_BUSINESS,34.2,low,SIDEWAYS_CHOPPY,PROFITABLE_GROWTH,3,114.56425476074219,15.0,63.0,50.0,50.0,downtrend,36.71,False,112.98,111.85,121.4,8.0,10.0,53.8,18.0,34.1,0.0,67.5,50.0,50.0,50.0,60.0,-9.7395,-8.3852,-10.5116,-1.3543,0.7721,-15.5966
JPM,2022-04-25,long_term,WATCHLIST_VALUATION_TOO_RICH,47.6,low,SIDEWAYS_CHOPPY,PROFITABLE_GROWTH,3,114.56425476074219,15.0,63.0,50.0,50.0,downtrend,36.71,False,112.98,111.85,121.4,8.0,10.0,53.8,18.0,34.1,0.0,67.5,50.0,50.0,50.0,60.0,10.2404,-4.037,-4.6464,14.2774,14.8868,-18.6795
JPM,2022-05-02,short_term,AVOID_BAD_CHART,18.53,low,BEAR_RISK_OFF,PROFITABLE_GROWTH,3,108.85276794433594,10.0,63.0,50.0,50.0,downtrend,32.7,False,97.97,100.14,111.74,0.0,15.0,35.0,23.0,25.9,0.0,67.5,50.0,50.0,50.0,60.0,9.78,-0.374,-3.2027,10.154,12.9827,-4.5081
JPM,2022-05-02,medium_term,AVOID_BAD_BUSINESS,34.48,low,BEAR_RISK_OFF,PROFITABLE_GROWTH,3,108.85276794433594,10.0,63.0,50.0,50.0,downtrend,32.7,False,97.97,100.14,111.74,0.0,15.0,35.0,23.0,25.9,0.0,67.5,50.0,50.0,50.0,60.0,-5.8327,-1.1237,-1.1133,-4.709,-4.7194,-11.168
JPM,2022-05-02,long_term,WATCHLIST_VALUATION_TOO_RICH,47.3,low,BEAR_RISK_OFF,PROFITABLE_GROWTH,3,108.85276794433594,10.0,63.0,50.0,50.0,downtrend,32.7,False,97.97,100.14,111.74,0.0,15.0,35.0,23.0,25.9,0.0,67.5,50.0,50.0,50.0,60.0,16.6682,0.1093,0.3918,16.5589,16.2764,-14.4126
JPM,2022-05-09,short_term,AVOID_BAD_CHART,28.49,low,BEAR_RISK_OFF,PROFITABLE_GROWTH,3,110.1269760131836,15.0,63.0,50.0,50.0,downtrend,39.29,False,106.84,105.77,111.74,18.0,10.0,51.2,31.0,25.9,10.0,67.5,50.0,50.0,50.0,60.0,6.7373,4.4127,4.2807,2.3246,2.4566,-5.613
JPM,2022-05-09,medium_term,AVOID_BAD_BUSINESS,36.11,low,BEAR_RISK_OFF,PROFITABLE_GROWTH,3,110.1269760131836,15.0,63.0,50.0,50.0,downtrend,39.29,False,106.84,105.77,111.74,18.0,10.0,51.2,31.0,25.9,10.0,67.5,50.0,50.0,50.0,60.0,-4.48,3.7564,6.9122,-8.2364,-11.3922,-12.1958
JPM,2022-05-09,long_term,WATCHLIST_VALUATION_TOO_RICH,47.7,low,BEAR_RISK_OFF,PROFITABLE_GROWTH,3,110.1269760131836,15.0,63.0,50.0,50.0,downtrend,39.29,False,106.84,105.77,111.74,18.0,10.0,51.2,31.0,25.9,10.0,67.5,50.0,50.0,50.0,60.0,15.7423,5.4436,10.2602,10.2987,5.4821,-15.4029
JPM,2022-05-16,short_term,AVOID_BAD_CHART,24.64,low,BEAR_RISK_OFF,PROFITABLE_GROWTH,3,106.87361907958984,10.0,63.0,50.0,50.0,downtrend,35.78,False,106.54,105.47,108.67,8.0,10.0,53.8,31.0,18.8,0.0,67.5,50.0,50.0,50.0,60.0,-3.5515,-6.5535,-7.5492,3.002,3.9977,-4.2618
JPM,2022-05-16,medium_term,AVOID_BAD_BUSINESS,34.67,low,BEAR_RISK_OFF,PROFITABLE_GROWTH,3,106.87361907958984,10.0,63.0,50.0,50.0,downtrend,35.78,False,106.54,105.47,108.67,8.0,10.0,53.8,31.0,18.8,0.0,67.5,50.0,50.0,50.0,60.0,5.4656,7.8648,11.553,-2.3992,-6.0874,-9.5229
JPM,2022-05-16,long_term,WATCHLIST_VALUATION_TOO_RICH,46.84,low,BEAR_RISK_OFF,PROFITABLE_GROWTH,3,106.87361907958984,10.0,63.0,50.0,50.0,downtrend,35.78,False,106.54,105.47,108.67,8.0,10.0,53.8,31.0,18.8,0.0,67.5,50.0,50.0,50.0,60.0,20.9872,5.5425,11.8027,15.4447,9.1845,-12.8276
JPM,2022-05-23,short_term,AVOID_BAD_CHART,38.1,low,BEAR_RISK_OFF,PROFITABLE_GROWTH,3,112.60317993164062,30.0,63.0,50.0,50.0,downtrend,51.9,False,106.465,105.4,115.13,50.0,25.0,66.2,28.0,18.8,15.2,67.5,50.0,50.0,50.0,60.0,-7.5602,-5.2688,-4.181,-2.2914,-3.3792,-10.2167
JPM,2022-05-23,medium_term,AVOID_BAD_BUSINESS,39.3,low,BEAR_RISK_OFF,PROFITABLE_GROWTH,3,112.60317993164062,30.0,63.0,50.0,50.0,downtrend,51.9,False,106.465,105.4,115.13,50.0,25.0,66.2,28.0,18.8,15.2,67.5,50.0,50.0,50.0,60.0,-6.4672,4.3362,7.2317,-10.8034,-13.6989,-14.1267
JPM,2022-05-23,long_term,WATCHLIST_VALUATION_TOO_RICH,50.44,medium,BEAR_RISK_OFF,PROFITABLE_GROWTH,3,112.60317993164062,30.0,63.0,50.0,50.0,downtrend,51.9,False,106.465,105.4,115.13,50.0,25.0,66.2,28.0,18.8,15.2,67.5,50.0,50.0,50.0,60.0,12.2516,5.3247,13.8742,6.9269,-1.6226,-17.2632
JPM,2022-05-30,short_term,WATCHLIST,54.53,medium,BEAR_RISK_OFF,PROFITABLE_GROWTH,3,118.6309585571289,45.0,63.0,50.0,50.0,sideways,61.79,False,116.34,115.18,121.4,65.0,50.0,63.7,66.0,34.1,52.0,67.5,50.0,50.0,50.0,60.0,-11.7696,-7.4191,-7.8484,-4.3505,-3.9212,-15.0758
JPM,2022-05-30,medium_term,WATCHLIST_NEEDS_CONFIRMATION,54.85,medium,BEAR_RISK_OFF,PROFITABLE_GROWTH,3,118.6309585571289,45.0,63.0,50.0,50.0,sideways,61.79,False,116.34,115.18,121.4,65.0,50.0,63.7,66.0,34.1,52.0,67.5,50.0,50.0,50.0,60.0,-12.0882,-2.0732,-1.0655,-10.015,-11.0227,-18.49
JPM,2022-05-30,long_term,WATCHLIST_VALUATION_TOO_RICH,54.45,medium,BEAR_RISK_OFF,PROFITABLE_GROWTH,3,118.6309585571289,45.0,63.0,50.0,50.0,sideways,61.79,False,116.34,115.18,121.4,65.0,50.0,63.7,66.0,34.1,52.0,67.5,50.0,50.0,50.0,60.0,6.8392,2.9059,13.7484,3.9333,-6.9092,-21.4671
JPM,2022-06-06,short_term,WAIT_FOR_PULLBACK,61.66,medium,BEAR_RISK_OFF,PROFITABLE_GROWTH,3,117.2392349243164,85.0,63.0,50.0,50.0,sideways,56.16,False,116.31,115.15,121.41,83.6,45.0,68.8,72.0,34.1,58.0,67.5,50.0,50.0,50.0,60.0,-12.9887,-6.5287,-5.815,-6.46,-7.1737,-15.0028
JPM,2022-06-06,medium_term,WATCHLIST_NEEDS_CONFIRMATION,55.62,medium,BEAR_RISK_OFF,PROFITABLE_GROWTH,3,117.2392349243164,85.0,63.0,50.0,50.0,sideways,56.16,False,116.31,115.15,121.41,83.6,45.0,68.8,72.0,34.1,58.0,67.5,50.0,50.0,50.0,60.0,-11.5501,-4.6971,-4.429,-6.853,-7.1211,-17.5224
JPM,2022-06-06,long_term,WATCHLIST_VALUATION_TOO_RICH,54.88,medium,BEAR_RISK_OFF,PROFITABLE_GROWTH,3,117.2392349243164,85.0,63.0,50.0,50.0,sideways,56.16,False,116.31,115.15,121.41,83.6,45.0,68.8,72.0,34.1,58.0,67.5,50.0,50.0,50.0,60.0,12.0746,5.3393,14.4132,6.7353,-2.3386,-20.5349
JPM,2022-06-13,short_term,AVOID_BAD_CHART,25.77,low,BEAR_RISK_OFF,PROFITABLE_GROWTH,3,104.82217407226562,35.0,63.0,50.0,50.0,downtrend,33.64,False,104.105,103.06,108.67,9.3,15.0,32.5,30.0,27.1,30.2,67.5,50.0,50.0,50.0,60.0,-2.6641,1.4577,3.9175,-4.1218,-6.5816,-4.9342
JPM,2022-06-13,medium_term,AVOID_BAD_BUSINESS,39.83,low,BEAR_RISK_OFF,PROFITABLE_GROWTH,3,104.82217407226562,35.0,63.0,50.0,50.0,downtrend,33.64,False,104.105,103.06,108.67,9.3,15.0,32.5,30.0,27.1,30.2,67.5,50.0,50.0,50.0,60.0,1.2325,5.2795,6.846,-4.047,-5.6135,-7.7522
JPM,2022-06-13,long_term,WATCHLIST_VALUATION_TOO_RICH,47.82,low,BEAR_RISK_OFF,PROFITABLE_GROWTH,3,104.82217407226562,35.0,63.0,50.0,50.0,downtrend,33.64,False,104.105,103.06,108.67,9.3,15.0,32.5,30.0,27.1,30.2,67.5,50.0,50.0,50.0,60.0,26.0635,18.5565,33.8772,7.507,-7.8137,-11.1216
JPM,2022-06-20,short_term,AVOID_BAD_CHART,21.54,low,BEAR_RISK_OFF,PROFITABLE_GROWTH,3,102.14716339111328,20.0,63.0,50.0,40.0,downtrend,31.88,False,101.1,100.09,108.67,0.0,10.0,35.0,28.0,18.8,23.2,67.5,50.0,50.0,50.0,55.0,2.2502,4.5858,6.1264,-2.3356,-3.8762,-5.3365
JPM,2022-06-20,medium_term,AVOID_BAD_BUSINESS,37.09,low,BEAR_RISK_OFF,PROFITABLE_GROWTH,3,102.14716339111328,20.0,63.0,50.0,40.0,downtrend,31.88,False,101.1,100.09,108.67,0.0,10.0,35.0,28.0,18.8,23.2,67.5,50.0,50.0,50.0,55.0,5.4633,4.0196,3.7331,1.4437,1.7302,-5.3365
JPM,2022-06-20,long_term,WATCHLIST_VALUATION_TOO_RICH,45.94,low,BEAR_RISK_OFF,PROFITABLE_GROWTH,3,102.14716339111328,20.0,63.0,50.0,40.0,downtrend,31.88,False,101.1,100.09,108.67,0.0,10.0,35.0,28.0,18.8,23.2,67.5,50.0,50.0,50.0,55.0,30.1237,17.856,29.6714,12.2677,0.4523,-8.7941
JPM,2022-06-27,short_term,AVOID_BAD_CHART,31.53,low,BEAR_RISK_OFF,PROFITABLE_GROWTH,3,105.17462921142578,20.0,63.0,50.0,40.0,downtrend,41.93,False,104.105,103.06,105.76,28.0,10.0,66.2,16.0,27.1,18.0,67.5,50.0,50.0,50.0,55.0,-1.6813,0.5919,0.6565,-2.2732,-2.3378,-8.0614
JPM,2022-06-27,medium_term,AVOID_BAD_BUSINESS,34.62,low,BEAR_RISK_OFF,PROFITABLE_GROWTH,3,105.17462921142578,20.0,63.0,50.0,40.0,downtrend,41.93,False,104.105,103.06,105.76,28.0,10.0,66.2,16.0,27.1,18.0,67.5,50.0,50.0,50.0,55.0,-7.4286,-5.8631,-6.0137,-1.5655,-1.4149,-8.0614
JPM,2022-06-27,long_term,WATCHLIST_VALUATION_TOO_RICH,47.76,low,BEAR_RISK_OFF,PROFITABLE_GROWTH,3,105.17462921142578,20.0,63.0,50.0,40.0,downtrend,41.93,False,104.105,103.06,105.76,28.0,10.0,66.2,16.0,27.1,18.0,67.5,50.0,50.0,50.0,55.0,23.0659,14.1347,25.5391,8.9312,-2.4732,-11.4194
JPM,2022-07-04,short_term,AVOID_BAD_CHART,26.08,low,BEAR_RISK_OFF,PROFITABLE_GROWTH,3,103.06896209716797,15.0,63.0,50.0,40.0,downtrend,39.6,False,100.8,99.79,105.76,8.0,10.0,57.5,11.0,27.1,30.0,67.5,50.0,50.0,50.0,55.0,1.0261,7.5427,9.8655,-6.5166,-8.8394,-6.1831
JPM,2022-07-04,medium_term,AVOID_BAD_BUSINESS,35.63,low,BEAR_RISK_OFF,PROFITABLE_GROWTH,3,103.06896209716797,15.0,63.0,50.0,40.0,downtrend,39.6,False,100.8,99.79,105.76,8.0,10.0,57.5,11.0,27.1,30.0,67.5,50.0,50.0,50.0,55.0,-7.563,-6.1034,-6.6977,-1.4596,-0.8653,-7.6515
JPM,2022-07-04,long_term,WATCHLIST_VALUATION_TOO_RICH,46.76,low,BEAR_RISK_OFF,PROFITABLE_GROWTH,3,103.06896209716797,15.0,63.0,50.0,40.0,downtrend,39.6,False,100.8,99.79,105.76,8.0,10.0,57.5,11.0,27.1,30.0,67.5,50.0,50.0,50.0,55.0,31.9622,17.9093,29.9554,14.0529,2.0068,-9.6098
JPM,2022-07-11,short_term,AVOID_BAD_CHART,29.71,low,BEAR_RISK_OFF,PROFITABLE_GROWTH,3,102.89574432373047,15.0,63.0,50.0,40.0,downtrend,41.34,False,100.725,99.72,103.4,8.0,10.0,57.5,31.0,34.1,25.0,67.5,50.0,50.0,50.0,55.0,1.3202,7.4851,10.9569,-6.1649,-9.6367,-6.0252
JPM,2022-07-11,medium_term,AVOID_BAD_BUSINESS,37.78,low,BEAR_RISK_OFF,PROFITABLE_GROWTH,3,102.89574432373047,15.0,63.0,50.0,40.0,downtrend,41.34,False,100.725,99.72,103.4,8.0,10.0,57.5,31.0,34.1,25.0,67.5,50.0,50.0,50.0,55.0,-5.2559,-5.1921,-6.7314,-0.0638,1.4755,-7.496
JPM,2022-07-11,long_term,WATCHLIST_VALUATION_TOO_RICH,47.1,low,BEAR_RISK_OFF,PROFITABLE_GROWTH,3,102.89574432373047,15.0,63.0,50.0,40.0,downtrend,41.34,False,100.725,99.72,103.4,8.0,10.0,57.5,31.0,34.1,25.0,67.5,50.0,50.0,50.0,55.0,35.3921,17.9771,29.9052,17.415,5.4869,-9.4576
JPM,2022-07-18,short_term,AVOID_BAD_CHART,34.34,low,BEAR_RISK_OFF,PROFITABLE_GROWTH,3,101.92022705078125,20.0,63.0,50.0,50.0,downtrend,43.37,False,100.725,99.72,103.4,8.0,10.0,55.0,50.0,27.1,34.8,67.5,50.0,50.0,50.0,60.0,9.5447,12.2817,15.0864,-2.737,-5.5417,-0.6888
JPM,2022-07-18,medium_term,AVOID_BAD_BUSINESS,42.67,low,BEAR_RISK_OFF,PROFITABLE_GROWTH,3,101.92022705078125,20.0,63.0,50.0,50.0,downtrend,43.37,False,100.725,99.72,103.4,8.0,10.0,55.0,50.0,27.1,34.8,67.5,50.0,50.0,50.0,60.0,0.3532,-5.9827,-9.7414,6.3359,10.0946,-8.591
JPM,2022-07-18,long_term,WATCHLIST_VALUATION_TOO_RICH,47.26,low,BEAR_RISK_OFF,PROFITABLE_GROWTH,3,101.92022705078125,20.0,63.0,50.0,50.0,downtrend,43.37,False,100.725,99.72,103.4,8.0,10.0,55.0,50.0,27.1,34.8,67.5,50.0,50.0,50.0,60.0,42.3161,21.1241,34.2086,21.192,8.1075,-8.591
JPM,2022-07-25,short_term,WATCHLIST,54.62,medium,SIDEWAYS_CHOPPY,PROFITABLE_GROWTH,3,105.04735565185547,30.0,63.0,50.0,50.0,downtrend,50.74,False,103.9575,102.92,105.59,65.0,30.0,68.8,46.0,34.1,40.0,67.5,50.0,50.0,50.0,60.0,1.2585,4.4948,4.6925,-3.2363,-3.434,-3.6452
JPM,2022-07-25,medium_term,WATCHLIST_NEEDS_CONFIRMATION,48.4,low,SIDEWAYS_CHOPPY,PROFITABLE_GROWTH,3,105.04735565185547,30.0,63.0,50.0,50.0,downtrend,50.74,False,103.9575,102.92,105.59,65.0,30.0,68.8,46.0,34.1,40.0,67.5,50.0,50.0,50.0,60.0,7.0332,-4.9909,-8.111,12.0241,15.1442,-11.3121
JPM,2022-07-25,long_term,WATCHLIST_VALUATION_TOO_RICH,52.45,medium,SIDEWAYS_CHOPPY,PROFITABLE_GROWTH,3,105.04735565185547,30.0,63.0,50.0,50.0,downtrend,50.74,False,103.9575,102.92,105.59,65.0,30.0,68.8,46.0,34.1,40.0,67.5,50.0,50.0,50.0,60.0,41.2215,17.0332,26.6233,24.1883,14.5982,-11.3121
JPM,2022-08-01,short_term,AVOID_BAD_CHART,49.68,low,SIDEWAYS_CHOPPY,PROFITABLE_GROWTH,3,104.12654113769531,20.0,63.0,50.0,50.0,downtrend,48.28,False,103.8725,102.83,106.05,35.0,30.0,70.0,63.0,34.1,32.8,67.5,50.0,50.0,50.0,60.0,0.1576,-1.9816,-3.4447,2.1392,3.6023,-2.7931
JPM,2022-08-01,medium_term,WATCHLIST_NEEDS_CONFIRMATION,49.87,low,SIDEWAYS_CHOPPY,PROFITABLE_GROWTH,3,104.12654113769531,20.0,63.0,50.0,50.0,downtrend,48.28,False,103.8725,102.83,106.05,35.0,30.0,70.0,63.0,34.1,32.8,67.5,50.0,50.0,50.0,60.0,11.3808,-4.9059,-10.64,16.2867,22.0208,-10.5278
JPM,2022-08-01,long_term,WATCHLIST_VALUATION_TOO_RICH,50.95,medium,SIDEWAYS_CHOPPY,PROFITABLE_GROWTH,3,104.12654113769531,20.0,63.0,50.0,50.0,downtrend,48.28,False,103.8725,102.83,106.05,35.0,30.0,70.0,63.0,34.1,32.8,67.5,50.0,50.0,50.0,60.0,40.3391,11.3715,19.5988,28.9676,20.7403,-10.5278
JPM,2022-08-08,short_term,AVOID_BAD_CHART,44.53,low,SIDEWAYS_CHOPPY,PROFITABLE_GROWTH,3,104.25419616699219,20.0,63.0,50.0,50.0,downtrend,49.6,False,103.8725,102.83,106.05,50.0,30.0,72.5,28.0,34.1,16.8,67.5,50.0,50.0,50.0,60.0,-0.5335,-5.3827,-8.6246,4.8492,8.0911,-2.1338
JPM,2022-08-08,medium_term,AVOID_BAD_BUSINESS,42.22,low,SIDEWAYS_CHOPPY,PROFITABLE_GROWTH,3,104.25419616699219,20.0,63.0,50.0,50.0,downtrend,49.6,False,103.8725,102.83,106.05,50.0,30.0,72.5,28.0,34.1,16.8,67.5,50.0,50.0,50.0,60.0,15.3032,-8.4975,-17.3223,23.8007,32.6255,-10.6374
JPM,2022-08-08,long_term,WATCHLIST_VALUATION_TOO_RICH,51.7,medium,SIDEWAYS_CHOPPY,PROFITABLE_GROWTH,3,104.25419616699219,20.0,63.0,50.0,50.0,downtrend,49.6,False,103.8725,102.83,106.05,50.0,30.0,72.5,28.0,34.1,16.8,67.5,50.0,50.0,50.0,60.0,38.7151,9.6949,15.5353,29.0202,23.1798,-10.6374
JPM,2022-08-15,short_term,WAIT_FOR_PULLBACK,62.33,medium,SIDEWAYS_CHOPPY,PROFITABLE_GROWTH,3,111.64816284179688,60.0,63.0,50.0,50.0,sideways,65.57,False,106.465,105.4,115.13,85.8,45.0,51.2,76.0,34.1,40.2,67.5,50.0,50.0,50.0,60.0,-4.9567,-8.3384,-11.8177,3.3817,6.861,-8.6151
JPM,2022-08-15,medium_term,WATCHLIST_NEEDS_CONFIRMATION,55.93,medium,SIDEWAYS_CHOPPY,PROFITABLE_GROWTH,3,111.64816284179688,60.0,63.0,50.0,50.0,sideways,65.57,False,106.465,105.4,115.13,85.8,45.0,51.2,76.0,34.1,40.2,67.5,50.0,50.0,50.0,60.0,11.4736,-6.6952,-13.3857,18.1688,24.8593,-16.5555
JPM,2022-08-15,long_term,WATCHLIST_VALUATION_TOO_RICH,54.99,medium,SIDEWAYS_CHOPPY,PROFITABLE_GROWTH,3,111.64816284179688,60.0,63.0,50.0,50.0,sideways,65.57,False,106.465,105.4,115.13,85.8,45.0,51.2,76.0,34.1,40.2,67.5,50.0,50.0,50.0,60.0,26.4965,4.1877,9.6273,22.3088,16.8692,-16.5555
JPM,2022-08-22,short_term,WAIT_FOR_PULLBACK,57.01,medium,SIDEWAYS_CHOPPY,PROFITABLE_GROWTH,3,106.3693618774414,55.0,63.0,50.0,50.0,sideways,48.02,False,103.8725,102.83,108.23,68.3,30.0,67.5,68.0,34.1,22.8,67.5,50.0,50.0,50.0,60.0,-0.72,-6.697,-7.9881,5.977,7.2681,-4.0799
JPM,2022-08-22,medium_term,WATCHLIST_NEEDS_CONFIRMATION,49.12,low,SIDEWAYS_CHOPPY,PROFITABLE_GROWTH,3,106.3693618774414,55.0,63.0,50.0,50.0,sideways,48.02,False,103.8725,102.83,108.23,68.3,30.0,67.5,68.0,34.1,22.8,67.5,50.0,50.0,50.0,60.0,15.7431,-3.7966,-9.2341,19.5397,24.9772,-12.4144
JPM,2022-08-22,long_term,WATCHLIST_VALUATION_TOO_RICH,52.62,medium,SIDEWAYS_CHOPPY,PROFITABLE_GROWTH,3,106.3693618774414,55.0,63.0,50.0,50.0,sideways,48.02,False,103.8725,102.83,108.23,68.3,30.0,67.5,68.0,34.1,22.8,67.5,50.0,50.0,50.0,60.0,30.2812,8.9306,18.2535,21.3506,12.0277,-12.4144
JPM,2022-08-29,short_term,AVOID_BAD_CHART,33.68,low,BEAR_RISK_OFF,PROFITABLE_GROWTH,3,104.2906494140625,40.0,63.0,50.0,50.0,downtrend,43.93,False,104.1112,103.07,106.58,19.0,30.0,53.8,40.0,34.1,22.0,67.5,50.0,50.0,50.0,60.0,-7.4657,-9.3777,-9.6701,1.912,2.2044,-8.5147
JPM,2022-08-29,medium_term,AVOID_BAD_BUSINESS,43.23,low,BEAR_RISK_OFF,PROFITABLE_GROWTH,3,104.2906494140625,40.0,63.0,50.0,50.0,downtrend,43.93,False,104.1112,103.07,106.58,19.0,30.0,53.8,40.0,34.1,22.0,67.5,50.0,50.0,50.0,60.0,18.4999,-1.2651,-6.9616,19.765,25.4615,-10.6686
JPM,2022-08-29,long_term,WATCHLIST_VALUATION_TOO_RICH,50.16,medium,BEAR_RISK_OFF,PROFITABLE_GROWTH,3,104.2906494140625,40.0,63.0,50.0,50.0,downtrend,43.93,False,104.1112,103.07,106.58,19.0,30.0,53.8,40.0,34.1,22.0,67.5,50.0,50.0,50.0,60.0,33.5903,13.8452,24.6828,19.7451,8.9075,-10.6686
JPM,2022-09-05,short_term,AVOID_BAD_CHART,38.0,low,SIDEWAYS_CHOPPY,PROFITABLE_GROWTH,3,103.67066955566406,40.0,63.0,50.0,50.0,downtrend,42.91,False,100.9725,99.96,106.58,30.9,30.0,51.2,40.0,34.1,17.5,67.5,50.0,50.0,50.0,60.0,-5.259,-5.7949,-6.4932,0.5359,1.2342,-8.1875
JPM,2022-09-05,medium_term,AVOID_BAD_BUSINESS,44.12,low,SIDEWAYS_CHOPPY,PROFITABLE_GROWTH,3,103.67066955566406,40.0,63.0,50.0,50.0,downtrend,42.91,False,100.9725,99.96,106.58,30.9,30.0,51.2,40.0,34.1,17.5,67.5,50.0,50.0,50.0,60.0,19.9273,4.5607,0.0088,15.3666,19.9185,-10.1344
JPM,2022-09-05,long_term,WATCHLIST_VALUATION_TOO_RICH,50.75,medium,SIDEWAYS_CHOPPY,PROFITABLE_GROWTH,3,103.67066955566406,40.0,63.0,50.0,50.0,downtrend,42.91,False,100.9725,99.96,106.58,30.9,30.0,51.2,40.0,34.1,17.5,67.5,50.0,50.0,50.0,60.0,31.4866,16.0576,28.7875,15.429,2.6991,-10.1344
JPM,2022-09-12,short_term,WAIT_FOR_PULLBACK,61.35,medium,BEAR_RISK_OFF,PROFITABLE_GROWTH,3,109.93413543701172,45.0,63.0,50.0,50.0,sideways,60.88,False,106.465,105.4,111.65,85.0,50.0,66.2,76.0,43.5,39.5,67.5,50.0,50.0,50.0,60.0,-12.1501,-12.0376,-14.1119,-0.1125,1.9618,-13.4185
JPM,2022-09-12,medium_term,WATCHLIST_NEEDS_CONFIRMATION,54.84,medium,BEAR_RISK_OFF,PROFITABLE_GROWTH,3,109.93413543701172,45.0,63.0,50.0,50.0,sideways,60.88,False,106.465,105.4,111.65,85.0,50.0,66.2,76.0,43.5,39.5,67.5,50.0,50.0,50.0,60.0,10.5842,-3.9113,-9.0729,14.4955,19.6571,-15.2545
JPM,2022-09-12,long_term,ACCUMULATE_ON_WEAKNESS,55.92,medium,BEAR_RISK_OFF,PROFITABLE_GROWTH,3,109.93413543701172,45.0,63.0,50.0,50.0,sideways,60.88,False,106.465,105.4,111.65,85.0,50.0,66.2,76.0,43.5,39.5,67.5,50.0,50.0,50.0,60.0,25.2355,10.422,21.284,14.8135,3.9515,-15.2545
JPM,2022-09-19,short_term,WAIT_FOR_PULLBACK,57.46,medium,BEAR_RISK_OFF,PROFITABLE_GROWTH,3,107.7278060913086,65.0,63.0,50.0,40.0,sideways,53.52,False,106.465,105.4,109.08,68.1,50.0,68.8,76.0,43.5,45.0,67.5,50.0,50.0,50.0,55.0,-1.0692,-5.5926,-7.4558,4.5234,6.3866,-13.5188
JPM,2022-09-19,medium_term,WATCHLIST_NEEDS_CONFIRMATION,54.81,medium,BEAR_RISK_OFF,PROFITABLE_GROWTH,3,107.7278060913086,65.0,63.0,50.0,40.0,sideways,53.52,False,106.465,105.4,109.08,68.1,50.0,68.8,76.0,43.5,45.0,67.5,50.0,50.0,50.0,55.0,10.3984,-0.9059,-5.7722,11.3043,16.1706,-13.5188
JPM,2022-09-19,long_term,WATCHLIST_VALUATION_TOO_RICH,54.58,medium,BEAR_RISK_OFF,PROFITABLE_GROWTH,3,107.7278060913086,65.0,63.0,50.0,40.0,sideways,53.52,False,106.465,105.4,109.08,68.1,50.0,68.8,76.0,43.5,45.0,67.5,50.0,50.0,50.0,55.0,29.4502,14.6687,26.099,14.7815,3.3512,-13.5188
JPM,2022-09-26,short_term,AVOID_BAD_CHART,21.11,low,BEAR_RISK_OFF,PROFITABLE_GROWTH,3,97.36165618896484,20.0,63.0,50.0,40.0,downtrend,31.23,False,96.7,95.73,103.4,0.0,5.0,36.2,20.0,34.1,17.0,67.5,50.0,50.0,50.0,55.0,15.6241,3.9966,1.4871,11.6275,14.137,-4.3111
JPM,2022-09-26,medium_term,AVOID_BAD_BUSINESS,34.31,low,BEAR_RISK_OFF,PROFITABLE_GROWTH,3,97.36165618896484,20.0,63.0,50.0,40.0,downtrend,31.23,False,96.7,95.73,103.4,0.0,5.0,36.2,20.0,34.1,17.0,67.5,50.0,50.0,50.0,55.0,24.0327,5.5882,-2.3216,18.4445,26.3543,-4.3111
JPM,2022-09-26,long_term,WATCHLIST_VALUATION_TOO_RICH,46.2,low,BEAR_RISK_OFF,PROFITABLE_GROWTH,3,97.36165618896484,20.0,63.0,50.0,40.0,downtrend,31.23,False,96.7,95.73,103.4,0.0,5.0,36.2,20.0,34.1,17.0,67.5,50.0,50.0,50.0,55.0,40.7989,18.7881,30.2791,22.0108,10.5198,-4.3111
JPM,2022-10-03,short_term,AVOID_BAD_CHART,31.0,low,BEAR_RISK_OFF,PROFITABLE_GROWTH,3,98.21865844726562,20.0,63.0,50.0,40.0,downtrend,40.07,False,96.7,95.73,99.13,18.0,5.0,51.2,23.0,27.1,41.5,67.5,50.0,50.0,50.0,55.0,17.8931,5.3463,1.6159,12.5468,16.2772,-5.1461
JPM,2022-10-03,medium_term,AVOID_BAD_BUSINESS,38.04,low,BEAR_RISK_OFF,PROFITABLE_GROWTH,3,98.21865844726562,20.0,63.0,50.0,40.0,downtrend,40.07,False,96.7,95.73,99.13,18.0,5.0,51.2,23.0,27.1,41.5,67.5,50.0,50.0,50.0,55.0,26.5468,4.3531,-3.0771,22.1937,29.6239,-5.1461
JPM,2022-10-03,long_term,WATCHLIST_VALUATION_TOO_RICH,46.76,low,BEAR_RISK_OFF,PROFITABLE_GROWTH,3,98.21865844726562,20.0,63.0,50.0,40.0,downtrend,40.07,False,96.7,95.73,99.13,18.0,5.0,51.2,23.0,27.1,41.5,67.5,50.0,50.0,50.0,55.0,37.2439,17.6577,32.4127,19.5862,4.8312,-5.1461
JPM,2022-10-10,short_term,AVOID_BAD_CHART,27.17,low,BEAR_RISK_OFF,PROFITABLE_GROWTH,3,96.57698059082031,15.0,63.0,50.0,40.0,downtrend,39.34,False,95.295,94.34,99.13,8.0,5.0,53.8,16.0,27.1,36.2,67.5,50.0,50.0,50.0,55.0,25.1262,5.5358,0.4429,19.5904,24.6833,-3.5337
JPM,2022-10-10,medium_term,AVOID_BAD_BUSINESS,36.28,low,BEAR_RISK_OFF,PROFITABLE_GROWTH,3,96.57698059082031,15.0,63.0,50.0,40.0,downtrend,39.34,False,95.295,94.34,99.13,8.0,5.0,53.8,16.0,27.1,36.2,67.5,50.0,50.0,50.0,55.0,32.9877,8.9866,2.655,24.0011,30.3327,-3.5337
JPM,2022-10-10,long_term,WATCHLIST_VALUATION_TOO_RICH,46.26,low,BEAR_RISK_OFF,PROFITABLE_GROWTH,3,96.57698059082031,15.0,63.0,50.0,40.0,downtrend,39.34,False,95.295,94.34,99.13,8.0,5.0,53.8,16.0,27.1,36.2,67.5,50.0,50.0,50.0,55.0,43.3531,23.1011,40.2862,20.252,3.0669,-3.5337
JPM,2022-10-17,short_term,WATCHLIST,52.32,medium,BEAR_RISK_OFF,PROFITABLE_GROWTH,3,106.57593536376953,50.0,63.0,50.0,50.0,sideways,59.64,False,106.465,105.4,108.97,70.0,35.0,58.8,43.0,27.1,69.5,67.5,50.0,50.0,50.0,60.0,15.5791,7.715,5.9737,7.8641,9.6054,-0.1812
JPM,2022-10-17,medium_term,WATCHLIST_NEEDS_CONFIRMATION,51.19,medium,BEAR_RISK_OFF,PROFITABLE_GROWTH,3,106.57593536376953,50.0,63.0,50.0,50.0,sideways,59.64,False,106.465,105.4,108.97,70.0,35.0,58.8,43.0,27.1,69.5,67.5,50.0,50.0,50.0,60.0,18.7458,7.2155,3.4139,11.5303,15.3319,-0.1812
JPM,2022-10-17,long_term,WATCHLIST_VALUATION_TOO_RICH,52.85,medium,BEAR_RISK_OFF,PROFITABLE_GROWTH,3,106.57593536376953,50.0,63.0,50.0,50.0,sideways,59.64,False,106.465,105.4,108.97,70.0,35.0,58.8,43.0,27.1,69.5,67.5,50.0,50.0,50.0,60.0,29.6905,19.1272,35.8207,10.5633,-6.1302,-0.1812
JPM,2022-10-24,short_term,WAIT_FOR_PULLBACK,57.97,medium,BEAR_RISK_OFF,PROFITABLE_GROWTH,3,112.5735092163086,70.0,63.0,50.0,50.0,sideways,65.44,True,106.5375,105.47,113.27,85.5,65.0,51.2,58.0,27.1,74.8,67.5,50.0,50.0,50.0,60.0,8.7187,4.1492,1.2354,4.5695,7.4833,-1.2175
JPM,2022-10-24,medium_term,WATCHLIST_NEEDS_CONFIRMATION,59.86,medium,BEAR_RISK_OFF,PROFITABLE_GROWTH,3,112.5735092163086,70.0,63.0,50.0,50.0,sideways,65.44,True,106.5375,105.47,113.27,85.5,65.0,51.2,58.0,27.1,74.8,67.5,50.0,50.0,50.0,60.0,14.5184,6.1547,3.5801,8.3637,10.9383,-1.2175
JPM,2022-10-24,long_term,ACCUMULATE_ON_WEAKNESS,56.63,medium,BEAR_RISK_OFF,PROFITABLE_GROWTH,3,112.5735092163086,70.0,63.0,50.0,50.0,sideways,65.44,True,106.5375,105.47,113.27,85.5,65.0,51.2,58.0,27.1,74.8,67.5,50.0,50.0,50.0,60.0,18.1443,11.9442,26.6708,6.2001,-8.5265,-1.2175
JPM,2022-10-31,short_term,WAIT_FOR_PULLBACK,64.9,medium,BEAR_RISK_OFF,PROFITABLE_GROWTH,3,115.79302215576172,85.0,63.0,50.0,50.0,weak_uptrend,69.09,True,114.67,113.52,121.39,92.0,90.0,56.2,70.0,34.1,87.0,67.5,50.0,50.0,50.0,60.0,8.4843,2.3355,0.9426,6.1488,7.5417,0.0238
JPM,2022-10-31,medium_term,BUY_ON_PULLBACK,68.14,medium_high,BEAR_RISK_OFF,PROFITABLE_GROWTH,3,115.79302215576172,85.0,63.0,50.0,50.0,weak_uptrend,69.09,True,114.67,113.52,121.39,92.0,90.0,56.2,70.0,34.1,87.0,67.5,50.0,50.0,50.0,60.0,11.7104,6.8554,8.5233,4.855,3.1871,0.0238
JPM,2022-10-31,long_term,ACCUMULATE_ON_WEAKNESS,59.8,medium,BEAR_RISK_OFF,PROFITABLE_GROWTH,3,115.79302215576172,85.0,63.0,50.0,50.0,weak_uptrend,69.09,True,114.67,113.52,121.39,92.0,90.0,56.2,70.0,34.1,87.0,67.5,50.0,50.0,50.0,60.0,13.6651,11.1607,29.2965,2.5044,-15.6314,-1.4781
JPM,2022-11-07,short_term,WAIT_FOR_PULLBACK,63.18,medium,BEAR_RISK_OFF,PROFITABLE_GROWTH,3,120.84309387207031,70.0,63.0,50.0,50.0,weak_uptrend,73.67,True,119.52,118.32,121.39,92.0,95.0,43.8,73.0,34.1,87.0,67.5,50.0,50.0,50.0,60.0,0.1675,3.6531,5.2655,-3.4856,-5.098,-1.6366
JPM,2022-11-07,medium_term,BUY_ON_PULLBACK,69.53,medium_high,BEAR_RISK_OFF,PROFITABLE_GROWTH,3,120.84309387207031,70.0,63.0,50.0,50.0,weak_uptrend,73.67,True,119.52,118.32,121.39,92.0,95.0,43.8,73.0,34.1,87.0,67.5,50.0,50.0,50.0,60.0,9.3809,8.5763,14.0172,0.8046,-4.6363,-2.2532
JPM,2022-11-07,long_term,ACCUMULATE_ON_WEAKNESS,60.3,medium,BEAR_RISK_OFF,PROFITABLE_GROWTH,3,120.84309387207031,70.0,63.0,50.0,50.0,weak_uptrend,73.67,True,119.52,118.32,121.39,92.0,95.0,43.8,73.0,34.1,87.0,67.5,50.0,50.0,50.0,60.0,13.4459,16.8926,40.3146,-3.4467,-26.8687,-5.5954
JPM,2022-11-14,short_term,WAIT_FOR_PULLBACK,65.47,medium_high,BEAR_RISK_OFF,PROFITABLE_GROWTH,3,123.17955780029297,80.0,63.0,50.0,50.0,weak_uptrend,70.65,False,119.435,118.24,126.14,92.0,95.0,43.8,81.0,34.1,93.0,67.5,50.0,50.0,50.0,60.0,0.127,1.7336,1.1246,-1.6066,-0.9976,-3.0169
JPM,2022-11-14,medium_term,BUY_STARTER,71.54,medium_high,BEAR_RISK_OFF,PROFITABLE_GROWTH,3,123.17955780029297,80.0,63.0,50.0,50.0,weak_uptrend,70.65,False,123.18,118.24,126.14,92.0,95.0,43.8,81.0,34.1,93.0,67.5,50.0,50.0,50.0,60.0,8.1788,5.2544,8.5482,2.9244,-0.3694,-4.1072
JPM,2022-11-14,long_term,ACCUMULATE_ON_WEAKNESS,60.3,medium,BEAR_RISK_OFF,PROFITABLE_GROWTH,3,123.17955780029297,80.0,63.0,50.0,50.0,weak_uptrend,70.65,False,119.435,118.24,126.14,92.0,95.0,43.8,81.0,34.1,93.0,67.5,50.0,50.0,50.0,60.0,15.1546,15.6001,36.0124,-0.4455,-20.8578,-7.386
JPM,2022-11-21,short_term,WAIT_FOR_PULLBACK,64.68,medium,BEAR_RISK_OFF,PROFITABLE_GROWTH,3,122.38848114013672,90.0,63.0,50.0,50.0,weak_uptrend,65.66,False,120.905,119.7,123.88,82.0,95.0,60.0,73.0,34.1,93.0,67.5,50.0,50.0,50.0,60.0,-1.7738,-3.1178,-4.1522,1.344,2.3784,-3.4724
JPM,2022-11-21,medium_term,BUY_STARTER,70.39,medium_high,BEAR_RISK_OFF,PROFITABLE_GROWTH,3,122.38848114013672,90.0,63.0,50.0,50.0,weak_uptrend,65.66,False,122.39,119.7,123.88,82.0,95.0,60.0,73.0,34.1,93.0,67.5,50.0,50.0,50.0,60.0,5.751,2.0046,5.5485,3.7464,0.2025,-3.4874
JPM,2022-11-21,long_term,ACCUMULATE_ON_WEAKNESS,59.8,medium,BEAR_RISK_OFF,PROFITABLE_GROWTH,3,122.38848114013672,90.0,63.0,50.0,50.0,weak_uptrend,65.66,False,120.905,119.7,123.88,82.0,95.0,60.0,73.0,34.1,93.0,67.5,50.0,50.0,50.0,60.0,18.6776,17.1299,39.3111,1.5477,-20.6335,-6.7874
JPM,2022-11-28,short_term,WAIT_FOR_PULLBACK,62.66,medium,BEAR_RISK_OFF,PROFITABLE_GROWTH,3,123.58429718017578,95.0,63.0,50.0,50.0,weak_uptrend,63.18,False,120.905,119.7,123.88,90.0,95.0,70.0,42.0,34.1,93.0,67.5,50.0,50.0,50.0,60.0,-1.9427,-3.2226,-6.5435,1.2799,4.6008,-4.4213
JPM,2022-11-28,medium_term,BUY_STARTER,65.93,medium_high,BEAR_RISK_OFF,PROFITABLE_GROWTH,3,123.58429718017578,95.0,63.0,50.0,50.0,weak_uptrend,63.18,False,123.58,119.7,123.88,90.0,95.0,70.0,42.0,34.1,93.0,67.5,50.0,50.0,50.0,60.0,6.8872,0.1623,3.2497,6.7249,3.6375,-4.4213
JPM,2022-11-28,long_term,ACCUMULATE_ON_WEAKNESS,60.2,medium,BEAR_RISK_OFF,PROFITABLE_GROWTH,3,123.58429718017578,95.0,63.0,50.0,50.0,weak_uptrend,63.18,False,120.905,119.7,123.88,90.0,95.0,70.0,42.0,34.1,93.0,67.5,50.0,50.0,50.0,60.0,18.2881,16.6342,38.818,1.6539,-20.5299,-7.6893
JPM,2022-12-05,short_term,WAIT_FOR_PULLBACK,62.13,medium,BEAR_RISK_OFF,PROFITABLE_GROWTH,3,120.84309387207031,100.0,63.0,50.0,50.0,strong_uptrend,50.52,False,119.435,118.24,121.59,70.0,80.0,75.0,63.0,34.1,87.8,67.5,50.0,50.0,50.0,60.0,3.8137,-3.5205,-7.3925,7.3342,11.2062,-2.2532
JPM,2022-12-05,medium_term,BUY_STARTER,65.33,medium_high,BEAR_RISK_OFF,PROFITABLE_GROWTH,3,120.84309387207031,100.0,63.0,50.0,50.0,strong_uptrend,50.52,False,120.84,118.24,121.59,70.0,80.0,75.0,63.0,34.1,87.8,67.5,50.0,50.0,50.0,60.0,5.6694,0.2908,3.7871,5.3786,1.8823,-2.2532
JPM,2022-12-05,long_term,ACCUMULATE_ON_WEAKNESS,57.7,medium,BEAR_RISK_OFF,PROFITABLE_GROWTH,3,120.84309387207031,100.0,63.0,50.0,50.0,strong_uptrend,50.52,False,119.435,118.24,121.59,70.0,80.0,75.0,63.0,34.1,87.8,67.5,50.0,50.0,50.0,60.0,22.5313,15.5983,34.7726,6.933,-12.2413,-5.5954
JPM,2022-12-12,short_term,BUY_NOW_MOMENTUM,71.93,medium_high,SIDEWAYS_CHOPPY,PROFITABLE_GROWTH,3,123.45552062988281,100.0,63.0,50.0,50.0,strong_uptrend,56.9,False,123.345,122.11,124.67,85.0,80.0,72.5,68.0,34.1,87.8,67.5,50.0,50.0,50.0,60.0,4.8069,-0.4045,-2.5791,5.2114,7.386,-4.3216
JPM,2022-12-12,medium_term,BUY_STARTER,68.87,medium_high,SIDEWAYS_CHOPPY,PROFITABLE_GROWTH,3,123.45552062988281,100.0,63.0,50.0,50.0,strong_uptrend,56.9,False,123.46,122.11,124.67,85.0,80.0,72.5,68.0,34.1,87.8,67.5,50.0,50.0,50.0,60.0,-3.7274,-1.9758,4.9253,-1.7516,-8.6527,-4.8759
JPM,2022-12-12,long_term,ACCUMULATE_ON_WEAKNESS,58.45,medium,SIDEWAYS_CHOPPY,PROFITABLE_GROWTH,3,123.45552062988281,100.0,63.0,50.0,50.0,strong_uptrend,56.9,False,123.345,122.11,124.67,85.0,80.0,72.5,68.0,34.1,87.8,67.5,50.0,50.0,50.0,60.0,23.5831,19.7911,42.3337,3.792,-18.7506,-7.593
JPM,2022-12-19,short_term,WATCHLIST,48.28,low,BEAR_RISK_OFF,PROFITABLE_GROWTH,3,119.63806915283203,100.0,63.0,50.0,40.0,strong_uptrend,46.05,False,119.4944,118.3,121.59,54.3,65.0,60.0,20.0,43.5,83.2,67.5,50.0,50.0,50.0,55.0,4.3713,2.2683,2.0018,2.103,2.3695,-1.2686
JPM,2022-12-19,medium_term,WATCHLIST_NEEDS_CONFIRMATION,55.47,medium,BEAR_RISK_OFF,PROFITABLE_GROWTH,3,119.63806915283203,100.0,63.0,50.0,40.0,strong_uptrend,46.05,False,119.4944,118.3,121.59,54.3,65.0,60.0,20.0,43.5,83.2,67.5,50.0,50.0,50.0,55.0,-1.4921,3.5752,13.6585,-5.0673,-15.1506,-2.832
JPM,2022-12-19,long_term,ACCUMULATE_ON_WEAKNESS,55.39,medium,BEAR_RISK_OFF,PROFITABLE_GROWTH,3,119.63806915283203,100.0,63.0,50.0,40.0,strong_uptrend,46.05,False,119.4944,118.3,121.59,54.3,65.0,60.0,20.0,43.5,83.2,67.5,50.0,50.0,50.0,55.0,31.8734,25.0926,50.3805,6.7808,-18.5071,-4.6445
JPM,2022-12-26,short_term,WATCHLIST,52.27,medium,BEAR_RISK_OFF,PROFITABLE_GROWTH,3,120.76031494140625,95.0,63.0,50.0,40.0,strong_uptrend,49.65,False,119.4938,118.3,121.96,60.9,60.0,66.2,27.0,43.5,83.2,67.5,50.0,50.0,50.0,55.0,6.7547,4.9685,9.1623,1.7862,-2.4076,-0.5561
JPM,2022-12-26,medium_term,WATCHLIST_NEEDS_CONFIRMATION,55.52,medium,BEAR_RISK_OFF,PROFITABLE_GROWTH,3,120.76031494140625,95.0,63.0,50.0,40.0,strong_uptrend,49.65,False,119.4938,118.3,121.96,60.9,60.0,66.2,27.0,43.5,83.2,67.5,50.0,50.0,50.0,55.0,-1.103,4.119,16.6991,-5.222,-17.8021,-5.5306
JPM,2022-12-26,long_term,ACCUMULATE_ON_WEAKNESS,55.22,medium,BEAR_RISK_OFF,PROFITABLE_GROWTH,3,120.76031494140625,95.0,63.0,50.0,40.0,strong_uptrend,49.65,False,119.4938,118.3,121.96,60.9,60.0,66.2,27.0,43.5,83.2,67.5,50.0,50.0,50.0,55.0,32.8835,26.836,57.1983,6.0475,-24.3148,-5.5306
JPM,2023-01-02,short_term,BUY_NOW_MOMENTUM,70.31,medium_high,SIDEWAYS_CHOPPY,PROFITABLE_GROWTH,3,123.35433959960938,85.0,63.0,50.0,40.0,sideways,57.76,False,123.345,122.11,124.67,79.7,75.0,68.8,68.0,43.5,87.8,67.5,50.0,50.0,50.0,55.0,5.1408,6.7381,11.3959,-1.5973,-6.2551,-0.1566
JPM,2023-01-02,medium_term,BUY_STARTER,67.37,medium_high,SIDEWAYS_CHOPPY,PROFITABLE_GROWTH,3,123.35433959960938,85.0,63.0,50.0,40.0,sideways,57.76,False,123.35,122.11,124.67,79.7,75.0,68.8,68.0,43.5,87.8,67.5,50.0,50.0,50.0,55.0,-2.2211,8.3237,21.2362,-10.5448,-23.4573,-7.5172
JPM,2023-01-02,long_term,ACCUMULATE_ON_WEAKNESS,57.66,medium,SIDEWAYS_CHOPPY,PROFITABLE_GROWTH,3,123.35433959960938,85.0,63.0,50.0,40.0,sideways,57.76,False,123.345,122.11,124.67,79.7,75.0,68.8,68.0,43.5,87.8,67.5,50.0,50.0,50.0,55.0,31.5713,24.9711,51.6493,6.6002,-20.078,-7.5172
JPM,2023-01-09,short_term,BUY_NOW_MOMENTUM,70.89,medium_high,SIDEWAYS_CHOPPY,PROFITABLE_GROWTH,3,127.29570770263672,100.0,63.0,50.0,40.0,strong_uptrend,66.75,False,125.0459,123.8,128.87,89.0,85.0,51.2,73.0,43.5,93.0,67.5,50.0,50.0,50.0,55.0,4.5716,7.0464,14.5413,-2.4748,-9.9697,-2.7808
JPM,2023-01-09,medium_term,BUY_STARTER,70.9,medium_high,SIDEWAYS_CHOPPY,PROFITABLE_GROWTH,3,127.29570770263672,100.0,63.0,50.0,40.0,strong_uptrend,66.75,False,127.3,123.8,128.87,89.0,85.0,51.2,73.0,43.5,93.0,67.5,50.0,50.0,50.0,55.0,-5.7082,6.0392,16.9213,-11.7474,-22.6295,-10.3807
JPM,2023-01-09,long_term,ACCUMULATE_ON_WEAKNESS,59.12,medium,SIDEWAYS_CHOPPY,PROFITABLE_GROWTH,3,127.29570770263672,100.0,63.0,50.0,40.0,strong_uptrend,66.75,False,125.0459,123.8,128.87,89.0,85.0,51.2,73.0,43.5,93.0,67.5,50.0,50.0,50.0,55.0,28.0516,24.7365,52.0375,3.3151,-23.9859,-10.3807
JPM,2023-01-16,short_term,BUY_STARTER_STRONG_BUT_EXTENDED,72.91,medium_high,BULL_NARROW_LEADERSHIP,PROFITABLE_GROWTH,3,132.5220947265625,85.0,63.0,50.0,50.0,strong_uptrend,76.67,True,127.54,126.26,135.38,85.0,90.0,36.2,93.0,48.2,100.0,67.5,50.0,50.0,50.0,60.0,-0.3077,3.7861,8.1552,-4.0938,-8.4629,-6.6149
JPM,2023-01-16,medium_term,BUY_STARTER,76.45,medium_high,BULL_NARROW_LEADERSHIP,PROFITABLE_GROWTH,3,132.5220947265625,85.0,63.0,50.0,50.0,strong_uptrend,76.67,True,132.52,126.26,135.38,85.0,90.0,36.2,93.0,48.2,100.0,67.5,50.0,50.0,50.0,60.0,-1.4563,4.4623,13.4239,-5.9186,-14.8802,-13.9151
JPM,2023-01-16,long_term,ACCUMULATE_ON_WEAKNESS,60.16,medium,BULL_NARROW_LEADERSHIP,PROFITABLE_GROWTH,3,132.5220947265625,85.0,63.0,50.0,50.0,strong_uptrend,76.67,True,127.54,126.26,135.38,85.0,90.0,36.2,93.0,48.2,100.0,67.5,50.0,50.0,50.0,60.0,20.175,20.539,45.636,-0.364,-25.461,-13.9151
JPM,2023-01-23,short_term,BUY_NOW_MOMENTUM,78.42,medium_high,BULL_NARROW_LEADERSHIP,PROFITABLE_GROWTH,3,127.2030258178711,100.0,63.0,50.0,50.0,strong_uptrend,55.32,False,125.1407,123.89,128.9,90.0,85.0,72.5,78.0,48.2,100.0,67.5,50.0,50.0,50.0,60.0,1.7192,-0.3844,1.7546,2.1036,-0.0354,-1.6537
JPM,2023-01-23,medium_term,BUY_NOW,73.2,medium_high,BULL_NARROW_LEADERSHIP,PROFITABLE_GROWTH,3,127.2030258178711,100.0,63.0,50.0,50.0,strong_uptrend,55.32,False,127.2,123.89,128.9,90.0,85.0,72.5,78.0,48.2,100.0,67.5,50.0,50.0,50.0,60.0,3.3252,3.3884,9.5097,-0.0632,-6.1845,-10.3154
JPM,2023-01-23,long_term,ACCUMULATE_ON_WEAKNESS,59.91,medium,BULL_NARROW_LEADERSHIP,PROFITABLE_GROWTH,3,127.2030258178711,100.0,63.0,50.0,50.0,strong_uptrend,55.32,False,125.1407,123.89,128.9,90.0,85.0,72.5,78.0,48.2,100.0,67.5,50.0,50.0,50.0,60.0,27.7553,22.9981,48.3846,4.7572,-20.6293,-10.3154
JPM,2023-01-30,short_term,BUY_NOW_MOMENTUM,82.32,high,BULL_NARROW_LEADERSHIP,PROFITABLE_GROWTH,3,128.92662048339844,100.0,63.0,50.0,50.0,strong_uptrend,57.78,False,127.54,126.26,129.45,100.0,85.0,72.5,85.0,48.2,100.0,67.5,50.0,50.0,50.0,60.0,3.0331,-1.0809,1.1335,4.114,1.8996,-1.2147
JPM,2023-01-30,medium_term,BUY_NOW,74.25,medium_high,BULL_NARROW_LEADERSHIP,PROFITABLE_GROWTH,3,128.92662048339844,100.0,63.0,50.0,50.0,strong_uptrend,57.78,False,128.93,126.26,129.45,100.0,85.0,72.5,85.0,48.2,100.0,67.5,50.0,50.0,50.0,60.0,2.2843,4.1204,11.1685,-1.8361,-8.8842,-11.5144
JPM,2023-01-30,long_term,ACCUMULATE_ON_WEAKNESS,60.41,medium,BULL_NARROW_LEADERSHIP,PROFITABLE_GROWTH,3,128.92662048339844,100.0,63.0,50.0,50.0,strong_uptrend,57.78,False,127.54,126.26,129.45,100.0,85.0,72.5,85.0,48.2,100.0,67.5,50.0,50.0,50.0,60.0,28.9009,22.3743,44.6415,6.5266,-15.7406,-11.5144
JPM,2023-02-06,short_term,BUY_NOW_MOMENTUM,81.92,high,BULL_RISK_ON,PROFITABLE_GROWTH,3,131.5120086669922,100.0,63.0,50.0,50.0,strong_uptrend,63.48,False,127.71,126.43,132.43,100.0,85.0,68.8,81.0,48.2,64.8,67.5,50.0,50.0,50.0,60.0,-2.3253,-2.8207,-2.3881,0.4954,0.0628,-3.1567
JPM,2023-02-06,medium_term,BUY_STARTER,71.28,medium_high,BULL_RISK_ON,PROFITABLE_GROWTH,3,131.5120086669922,100.0,63.0,50.0,50.0,strong_uptrend,63.48,False,131.51,126.43,132.43,100.0,85.0,68.8,81.0,48.2,64.8,67.5,50.0,50.0,50.0,60.0,-2.6594,1.0944,6.7858,-3.7538,-9.4452,-13.2539
JPM,2023-02-06,long_term,ACCUMULATE_ON_WEAKNESS,60.41,medium,BULL_RISK_ON,PROFITABLE_GROWTH,3,131.5120086669922,100.0,63.0,50.0,50.0,strong_uptrend,63.48,False,127.71,126.43,132.43,100.0,85.0,68.8,81.0,48.2,64.8,67.5,50.0,50.0,50.0,60.0,27.1424,23.3854,43.277,3.757,-16.1346,-13.2539
JPM,2023-02-13,short_term,BUY_NOW_MOMENTUM,82.96,high,BULL_RISK_ON,PROFITABLE_GROWTH,3,132.11434936523438,100.0,63.0,50.0,50.0,strong_uptrend,60.72,False,128.07,126.79,133.09,100.0,85.0,68.8,81.0,48.2,71.2,67.5,50.0,50.0,50.0,60.0,-5.5762,-5.1111,-2.3415,-0.4651,-3.2347,-10.3458
JPM,2023-02-13,medium_term,BUY_NOW,72.28,medium_high,BULL_RISK_ON,PROFITABLE_GROWTH,3,132.11434936523438,100.0,63.0,50.0,50.0,strong_uptrend,60.72,False,132.11,126.79,133.09,100.0,85.0,68.8,81.0,48.2,71.2,67.5,50.0,50.0,50.0,60.0,-4.404,0.4254,7.4863,-4.8294,-11.8903,-13.6494
JPM,2023-02-13,long_term,ACCUMULATE_ON_WEAKNESS,60.41,medium,BULL_RISK_ON,PROFITABLE_GROWTH,3,132.11434936523438,100.0,63.0,50.0,50.0,strong_uptrend,60.72,False,128.07,126.79,133.09,100.0,85.0,68.8,81.0,48.2,71.2,67.5,50.0,50.0,50.0,60.0,26.9956,22.6044,43.2556,4.3912,-16.26,-13.6494
JPM,2023-02-20,short_term,BUY_NOW_MOMENTUM,85.87,high,BULL_RISK_ON,PROFITABLE_GROWTH,3,131.80853271484375,100.0,63.0,50.0,50.0,strong_uptrend,57.38,False,130.94,129.63,133.32,100.0,85.0,72.5,81.0,52.9,81.0,67.5,50.0,50.0,50.0,60.0,-10.6159,-0.964,4.2219,-9.6519,-14.8378,-11.804
JPM,2023-02-20,medium_term,BUY_NOW,73.81,medium_high,BULL_RISK_ON,PROFITABLE_GROWTH,3,131.80853271484375,100.0,63.0,50.0,50.0,strong_uptrend,57.38,False,131.81,129.63,133.32,100.0,85.0,72.5,81.0,52.9,81.0,67.5,50.0,50.0,50.0,60.0,-1.3834,5.294,14.6247,-6.6774,-16.0081,-13.4491
JPM,2023-02-20,long_term,ACCUMULATE_ON_WEAKNESS,60.65,medium,BULL_RISK_ON,PROFITABLE_GROWTH,3,131.80853271484375,100.0,63.0,50.0,50.0,strong_uptrend,57.38,False,130.94,129.63,133.32,100.0,85.0,72.5,81.0,52.9,81.0,67.5,50.0,50.0,50.0,60.0,30.8118,26.4795,45.7507,4.3323,-14.9389,-13.4491
JPM,2023-02-27,short_term,BUY_NOW_MOMENTUM,83.31,high,BULL_RISK_ON,PROFITABLE_GROWTH,3,131.73443603515625,100.0,63.0,50.0,50.0,strong_uptrend,56.38,False,130.94,129.63,133.32,88.1,90.0,72.5,88.0,52.9,75.8,67.5,50.0,50.0,50.0,60.0,-9.6159,0.0687,5.2045,-9.6846,-14.8204,-13.4004
JPM,2023-02-27,medium_term,BUY_NOW,75.13,medium_high,BULL_RISK_ON,PROFITABLE_GROWTH,3,131.73443603515625,100.0,63.0,50.0,50.0,strong_uptrend,56.38,False,131.73,129.63,133.32,88.1,90.0,72.5,88.0,52.9,75.8,67.5,50.0,50.0,50.0,60.0,-2.9159,6.0073,18.7111,-8.9232,-21.627,-13.4004
JPM,2023-02-27,long_term,ACCUMULATE_ON_WEAKNESS,60.55,medium,BULL_RISK_ON,PROFITABLE_GROWTH,3,131.73443603515625,100.0,63.0,50.0,50.0,strong_uptrend,56.38,False,130.94,129.63,133.32,88.1,90.0,72.5,88.0,52.9,75.8,67.5,50.0,50.0,50.0,60.0,33.4033,29.2219,49.1044,4.1814,-15.7011,-13.4004
JPM,2023-03-06,short_term,BUY_NOW_MOMENTUM,83.66,high,BULL_RISK_ON,PROFITABLE_GROWTH,3,132.3460235595703,100.0,63.0,50.0,50.0,strong_uptrend,55.72,False,130.94,129.63,134.05,97.4,90.0,72.5,78.0,52.9,75.8,67.5,50.0,50.0,50.0,60.0,-8.8643,1.9898,6.8747,-10.8541,-15.739,-13.8006
JPM,2023-03-06,medium_term,BUY_NOW,73.57,medium_high,BULL_RISK_ON,PROFITABLE_GROWTH,3,132.3460235595703,100.0,63.0,50.0,50.0,strong_uptrend,55.72,False,132.35,129.63,134.05,97.4,90.0,72.5,78.0,52.9,75.8,67.5,50.0,50.0,50.0,60.0,-1.8474,5.998,18.4752,-7.8454,-20.3226,-13.8006
JPM,2023-03-06,long_term,ACCUMULATE_ON_WEAKNESS,61.02,medium,BULL_RISK_ON,PROFITABLE_GROWTH,3,132.3460235595703,100.0,63.0,50.0,50.0,strong_uptrend,55.72,False,130.94,129.63,134.05,97.4,90.0,72.5,78.0,52.9,75.8,67.5,50.0,50.0,50.0,60.0,36.4957,27.9446,47.2641,8.5511,-10.7684,-13.8006
JPM,2023-03-13,short_term,AVOID_BAD_CHART,37.5,low,SIDEWAYS_CHOPPY,PROFITABLE_GROWTH,3,121.62451171875,45.0,63.0,50.0,50.0,weak_uptrend,35.64,False,120.905,119.7,122.34,8.0,55.0,48.8,35.0,48.2,52.8,67.5,50.0,50.0,50.0,60.0,-1.3115,6.7272,8.8166,-8.0387,-10.1281,-6.2019
JPM,2023-03-13,medium_term,WATCHLIST_NEEDS_CONFIRMATION,53.67,medium,SIDEWAYS_CHOPPY,PROFITABLE_GROWTH,3,121.62451171875,45.0,63.0,50.0,50.0,weak_uptrend,35.64,False,120.905,119.7,122.34,8.0,55.0,48.8,35.0,48.2,52.8,67.5,50.0,50.0,50.0,60.0,8.2717,12.9997,24.2038,-4.728,-15.9321,-6.2019
JPM,2023-03-13,long_term,WATCHLIST_VALUATION_TOO_RICH,52.81,medium,SIDEWAYS_CHOPPY,PROFITABLE_GROWTH,3,121.62451171875,45.0,63.0,50.0,50.0,weak_uptrend,35.64,False,120.905,119.7,122.34,8.0,55.0,48.8,35.0,48.2,52.8,67.5,50.0,50.0,50.0,60.0,49.9779,35.928,52.4964,14.0499,-2.5185,-6.2019
JPM,2023-03-20,short_term,AVOID_BAD_CHART,31.34,low,SIDEWAYS_CHOPPY,PROFITABLE_GROWTH,3,117.81593322753906,45.0,63.0,50.0,40.0,weak_uptrend,36.78,False,116.2488,115.09,122.42,8.0,35.0,51.2,20.0,31.8,42.8,67.5,50.0,50.0,50.0,55.0,12.0888,5.1988,4.2128,6.89,7.876,-3.1697
JPM,2023-03-20,medium_term,WATCHLIST_NEEDS_CONFIRMATION,45.42,low,SIDEWAYS_CHOPPY,PROFITABLE_GROWTH,3,117.81593322753906,45.0,63.0,50.0,40.0,weak_uptrend,36.78,False,116.2488,115.09,122.42,8.0,35.0,51.2,20.0,31.8,42.8,67.5,50.0,50.0,50.0,55.0,12.9846,11.4451,20.0782,1.5395,-7.0936,-3.1697
JPM,2023-03-20,long_term,WATCHLIST_VALUATION_TOO_RICH,49.49,low,SIDEWAYS_CHOPPY,PROFITABLE_GROWTH,3,117.81593322753906,45.0,63.0,50.0,40.0,weak_uptrend,36.78,False,116.2488,115.09,122.42,8.0,35.0,51.2,20.0,31.8,42.8,67.5,50.0,50.0,50.0,55.0,58.8307,34.103,46.0063,24.7277,12.8244,-3.1697
JPM,2023-03-27,short_term,AVOID_BAD_CHART,38.38,low,SIDEWAYS_CHOPPY,PROFITABLE_GROWTH,3,119.06694030761719,45.0,63.0,50.0,40.0,weak_uptrend,42.77,False,116.21,115.05,122.45,28.0,35.0,57.5,20.0,31.8,48.0,67.5,50.0,50.0,50.0,55.0,7.9854,2.4187,0.3984,5.5667,7.587,-0.9957
JPM,2023-03-27,medium_term,WATCHLIST_NEEDS_CONFIRMATION,46.2,low,SIDEWAYS_CHOPPY,PROFITABLE_GROWTH,3,119.06694030761719,45.0,63.0,50.0,40.0,weak_uptrend,42.77,False,116.21,115.05,122.45,28.0,35.0,57.5,20.0,31.8,48.0,67.5,50.0,50.0,50.0,55.0,9.1855,10.4165,17.9975,-1.231,-8.812,-0.9957
JPM,2023-03-27,long_term,WATCHLIST_VALUATION_TOO_RICH,50.49,medium,SIDEWAYS_CHOPPY,PROFITABLE_GROWTH,3,119.06694030761719,45.0,63.0,50.0,40.0,weak_uptrend,42.77,False,116.21,115.05,122.45,28.0,35.0,57.5,20.0,31.8,48.0,67.5,50.0,50.0,50.0,55.0,59.7155,33.8612,45.0325,25.8543,14.683,-0.9957
JPM,2023-04-03,short_term,WATCHLIST,48.71,low,BULL_RISK_ON,PROFITABLE_GROWTH,3,120.61446380615234,40.0,63.0,50.0,40.0,weak_uptrend,46.16,False,119.5062,118.31,122.45,40.0,35.0,72.5,20.0,45.9,42.0,67.5,50.0,50.0,50.0,55.0,7.5678,-0.0268,-0.2405,7.5946,7.8083,-2.266
JPM,2023-04-03,medium_term,WATCHLIST_NEEDS_CONFIRMATION,47.23,low,BULL_RISK_ON,PROFITABLE_GROWTH,3,120.61446380615234,40.0,63.0,50.0,40.0,weak_uptrend,46.16,False,119.5062,118.31,122.45,40.0,35.0,72.5,20.0,45.9,42.0,67.5,50.0,50.0,50.0,55.0,12.766,8.2312,15.817,4.5348,-3.051,-2.266
JPM,2023-04-03,long_term,WATCHLIST_VALUATION_TOO_RICH,51.8,medium,BULL_RISK_ON,PROFITABLE_GROWTH,3,120.61446380615234,40.0,63.0,50.0,40.0,weak_uptrend,46.16,False,119.5062,118.31,122.45,40.0,35.0,72.5,20.0,45.9,42.0,67.5,50.0,50.0,50.0,55.0,55.51,26.6577,36.8887,28.8523,18.6213,-2.266
JPM,2023-04-10,short_term,WATCHLIST,49.81,low,BULL_RISK_ON,PROFITABLE_GROWTH,3,119.44100952148438,40.0,63.0,50.0,40.0,weak_uptrend,44.4,False,116.21,115.05,122.46,18.0,55.0,66.2,55.0,45.9,47.2,67.5,50.0,50.0,50.0,55.0,7.178,0.7641,1.8309,6.4139,5.3471,-0.8288
JPM,2023-04-10,medium_term,WATCHLIST_NEEDS_CONFIRMATION,57.68,medium,BULL_RISK_ON,PROFITABLE_GROWTH,3,119.44100952148438,40.0,63.0,50.0,40.0,weak_uptrend,44.4,False,116.21,115.05,122.46,18.0,55.0,66.2,55.0,45.9,47.2,67.5,50.0,50.0,50.0,55.0,16.0626,8.4211,15.983,7.6415,0.0796,-0.8288
JPM,2023-04-10,long_term,WATCHLIST_VALUATION_TOO_RICH,52.7,medium,BULL_RISK_ON,PROFITABLE_GROWTH,3,119.44100952148438,40.0,63.0,50.0,40.0,weak_uptrend,44.4,False,116.21,115.05,122.46,18.0,55.0,66.2,55.0,45.9,47.2,67.5,50.0,50.0,50.0,55.0,56.8933,27.3321,38.8301,29.5612,18.0632,-0.8288
JPM,2023-04-17,short_term,WAIT_FOR_PULLBACK,64.77,medium,BULL_RISK_ON,PROFITABLE_GROWTH,3,130.59217834472656,60.0,63.0,50.0,50.0,strong_uptrend,67.88,True,129.31,128.02,133.52,57.0,80.0,51.2,78.0,50.6,57.0,67.5,50.0,50.0,50.0,60.0,-3.2897,-0.2247,2.4934,-3.065,-5.7831,-5.7355
JPM,2023-04-17,medium_term,BUY_ON_PULLBACK,68.54,medium_high,BULL_RISK_ON,PROFITABLE_GROWTH,3,130.59217834472656,60.0,63.0,50.0,50.0,strong_uptrend,67.88,True,129.31,128.02,133.52,57.0,80.0,51.2,78.0,50.6,57.0,67.5,50.0,50.0,50.0,60.0,10.6453,10.1312,21.1483,0.5141,-10.503,-5.7355
JPM,2023-04-17,long_term,ACCUMULATE_ON_WEAKNESS,57.88,medium,BULL_RISK_ON,PROFITABLE_GROWTH,3,130.59217834472656,60.0,63.0,50.0,50.0,strong_uptrend,67.88,True,129.31,128.02,133.52,57.0,80.0,51.2,78.0,50.6,57.0,67.5,50.0,50.0,50.0,60.0,32.1984,22.6744,34.4516,9.524,-2.2532,-5.7355
JPM,2023-04-24,short_term,BUY_NOW_MOMENTUM,77.09,medium_high,BULL_RISK_ON,PROFITABLE_GROWTH,3,131.4327392578125,85.0,63.0,50.0,50.0,strong_uptrend,67.53,False,130.94,129.63,133.51,89.2,95.0,56.2,85.0,50.6,63.0,67.5,50.0,50.0,50.0,60.0,-1.9186,1.4929,6.865,-3.4115,-8.7836,-6.3384
JPM,2023-04-24,medium_term,BUY_NOW,73.7,medium_high,BULL_RISK_ON,PROFITABLE_GROWTH,3,131.4327392578125,85.0,63.0,50.0,50.0,strong_uptrend,67.53,False,131.43,129.63,133.51,89.2,95.0,56.2,85.0,50.6,63.0,67.5,50.0,50.0,50.0,60.0,12.1985,10.7849,20.0505,1.4136,-7.852,-6.3384
JPM,2023-04-24,long_term,ACCUMULATE_ON_WEAKNESS,60.99,medium,BULL_RISK_ON,PROFITABLE_GROWTH,3,131.4327392578125,85.0,63.0,50.0,50.0,strong_uptrend,67.53,False,130.94,129.63,133.51,89.2,95.0,56.2,85.0,50.6,63.0,67.5,50.0,50.0,50.0,60.0,40.8353,24.2588,35.8949,16.5765,4.9404,-6.3384
JPM,2023-05-01,short_term,BUY_NOW_MOMENTUM,83.73,high,BULL_RISK_ON,PROFITABLE_GROWTH,3,131.8717041015625,95.0,63.0,50.0,50.0,strong_uptrend,63.21,False,130.94,129.63,133.51,100.0,80.0,66.2,96.0,50.6,57.8,67.5,50.0,50.0,50.0,60.0,-2.6487,1.1239,8.6253,-3.7726,-11.274,-6.6501
JPM,2023-05-01,medium_term,BUY_STARTER,71.48,medium_high,BULL_RISK_ON,PROFITABLE_GROWTH,3,131.8717041015625,95.0,63.0,50.0,50.0,strong_uptrend,63.21,False,131.87,129.63,133.51,100.0,80.0,66.2,96.0,50.6,57.8,67.5,50.0,50.0,50.0,60.0,12.0818,10.2683,18.9717,1.8135,-6.8899,-6.6501
JPM,2023-05-01,long_term,ACCUMULATE_ON_WEAKNESS,60.03,medium,BULL_RISK_ON,PROFITABLE_GROWTH,3,131.8717041015625,95.0,63.0,50.0,50.0,strong_uptrend,63.21,False,130.94,129.63,133.51,100.0,80.0,66.2,96.0,50.6,57.8,67.5,50.0,50.0,50.0,60.0,39.4796,22.1621,31.7039,17.3175,7.7757,-6.6501
JPM,2023-05-08,short_term,WAIT_FOR_PULLBACK,65.58,medium_high,BULL_RISK_ON,PROFITABLE_GROWTH,3,128.01454162597656,85.0,63.0,50.0,50.0,strong_uptrend,52.91,False,124.8687,123.62,128.47,69.7,60.0,75.0,46.0,50.6,51.7,67.5,50.0,50.0,50.0,60.0,1.6561,3.7045,9.6234,-2.0484,-7.9673,-2.8744
JPM,2023-05-08,medium_term,WATCHLIST_NEEDS_CONFIRMATION,58.55,medium,BULL_RISK_ON,PROFITABLE_GROWTH,3,128.01454162597656,85.0,63.0,50.0,50.0,strong_uptrend,52.91,False,124.8687,123.62,128.47,69.7,60.0,75.0,46.0,50.6,51.7,67.5,50.0,50.0,50.0,60.0,14.5039,9.1285,15.0824,5.3754,-0.5785,-2.8744
JPM,2023-05-08,long_term,ACCUMULATE_ON_WEAKNESS,56.52,medium,BULL_RISK_ON,PROFITABLE_GROWTH,3,128.01454162597656,85.0,63.0,50.0,50.0,strong_uptrend,52.91,False,124.8687,123.62,128.47,69.7,60.0,75.0,46.0,50.6,51.7,67.5,50.0,50.0,50.0,60.0,46.5205,27.1211,36.8595,19.3994,9.661,-2.8744
JPM,2023-05-15,short_term,WATCHLIST,44.18,low,BULL_RISK_ON,PROFITABLE_GROWTH,3,126.29608154296875,50.0,63.0,50.0,50.0,sideways,48.83,False,125.3856,124.13,130.43,32.0,60.0,62.5,20.0,45.9,37.5,67.5,50.0,50.0,50.0,60.0,5.0211,5.7262,11.1601,-0.7051,-6.139,-0.9391
JPM,2023-05-15,medium_term,WATCHLIST_NEEDS_CONFIRMATION,52.25,medium,BULL_RISK_ON,PROFITABLE_GROWTH,3,126.29608154296875,50.0,63.0,50.0,50.0,sideways,48.83,False,125.3856,124.13,130.43,32.0,60.0,62.5,20.0,45.9,37.5,67.5,50.0,50.0,50.0,60.0,12.3019,7.633,12.2809,4.6689,0.021,-0.9391
JPM,2023-05-15,long_term,WATCHLIST_VALUATION_TOO_RICH,54.4,medium,BULL_RISK_ON,PROFITABLE_GROWTH,3,126.29608154296875,50.0,63.0,50.0,50.0,sideways,48.83,False,125.3856,124.13,130.43,32.0,60.0,62.5,20.0,45.9,37.5,67.5,50.0,50.0,50.0,60.0,53.4178,30.1304,39.5166,23.2874,13.9012,-0.9391
JPM,2023-05-22,short_term,WAIT_FOR_PULLBACK,57.08,medium,BULL_RISK_ON,PROFITABLE_GROWTH,3,128.91111755371094,90.0,63.0,50.0,50.0,strong_uptrend,54.2,False,128.025,126.74,130.43,61.0,80.0,70.0,30.0,50.6,42.0,67.5,50.0,50.0,50.0,60.0,3.108,4.2421,7.3322,-1.1341,-4.2242,-2.6299
JPM,2023-05-22,medium_term,WATCHLIST_NEEDS_CONFIRMATION,58.69,medium,BULL_RISK_ON,PROFITABLE_GROWTH,3,128.91111755371094,90.0,63.0,50.0,50.0,strong_uptrend,54.2,False,128.025,126.74,130.43,61.0,80.0,70.0,30.0,50.6,42.0,67.5,50.0,50.0,50.0,60.0,6.7777,5.0115,7.7711,1.7662,-0.9934,-2.6299
JPM,2023-05-22,long_term,ACCUMULATE_ON_WEAKNESS,58.08,medium,BULL_RISK_ON,PROFITABLE_GROWTH,3,128.91111755371094,90.0,63.0,50.0,50.0,strong_uptrend,54.2,False,128.025,126.74,130.43,61.0,80.0,70.0,30.0,50.6,42.0,67.5,50.0,50.0,50.0,60.0,47.4796,28.3466,35.8711,19.133,11.6085,-2.6299
JPM,2023-05-29,short_term,WATCHLIST,54.47,medium,BULL_RISK_ON,PROFITABLE_GROWTH,3,127.89313507080078,65.0,63.0,50.0,50.0,sideways,51.68,False,125.603,124.35,130.43,50.2,80.0,68.8,36.0,50.6,37.5,67.5,50.0,50.0,50.0,60.0,1.6503,4.1911,4.1,-2.5408,-2.4497,-1.8548
JPM,2023-05-29,medium_term,WATCHLIST_NEEDS_CONFIRMATION,58.92,medium,BULL_RISK_ON,PROFITABLE_GROWTH,3,127.89313507080078,65.0,63.0,50.0,50.0,sideways,51.68,False,125.603,124.35,130.43,50.2,80.0,68.8,36.0,50.6,37.5,67.5,50.0,50.0,50.0,60.0,8.4953,5.7653,4.9383,2.73,3.557,-1.8548
JPM,2023-05-29,long_term,ACCUMULATE_ON_WEAKNESS,57.54,medium,BULL_RISK_ON,PROFITABLE_GROWTH,3,127.89313507080078,65.0,63.0,50.0,50.0,sideways,51.68,False,125.603,124.35,130.43,50.2,80.0,68.8,36.0,50.6,37.5,67.5,50.0,50.0,50.0,60.0,48.5036,27.0214,31.2904,21.4822,17.2132,-1.8548
JPM,2023-06-05,short_term,WAIT_FOR_PULLBACK,60.09,medium,BULL_RISK_ON,PROFITABLE_GROWTH,3,129.9010772705078,90.0,63.0,50.0,50.0,strong_uptrend,55.65,False,129.46,128.17,130.44,74.9,90.0,68.8,23.0,60.0,42.0,67.5,50.0,50.0,50.0,60.0,4.7044,4.1386,4.4767,0.5658,0.2277,-1.0569
JPM,2023-06-05,medium_term,WATCHLIST_NEEDS_CONFIRMATION,59.68,medium,BULL_RISK_ON,PROFITABLE_GROWTH,3,129.9010772705078,90.0,63.0,50.0,50.0,strong_uptrend,55.65,False,129.46,128.17,130.44,74.9,90.0,68.8,23.0,60.0,42.0,67.5,50.0,50.0,50.0,60.0,5.1098,5.5745,6.6747,-0.4647,-1.5649,-1.0569
JPM,2023-06-05,long_term,ACCUMULATE_ON_WEAKNESS,60.24,medium,BULL_RISK_ON,PROFITABLE_GROWTH,3,129.9010772705078,90.0,63.0,50.0,50.0,strong_uptrend,55.65,False,129.46,128.17,130.44,74.9,90.0,68.8,23.0,60.0,42.0,67.5,50.0,50.0,50.0,60.0,45.5808,26.999,31.4814,18.5818,14.0994,-1.4143
JPM,2023-06-12,short_term,BUY_NOW_MOMENTUM,80.3,high,BULL_RISK_ON,PROFITABLE_GROWTH,3,131.68490600585938,90.0,63.0,50.0,50.0,strong_uptrend,59.96,False,130.94,129.63,133.72,96.7,90.0,68.8,81.0,60.0,52.5,67.5,50.0,50.0,50.0,60.0,5.7925,3.1989,3.5622,2.5936,2.2303,-2.3972
JPM,2023-06-12,medium_term,BUY_STARTER,70.4,medium_high,BULL_RISK_ON,PROFITABLE_GROWTH,3,131.68490600585938,90.0,63.0,50.0,50.0,strong_uptrend,59.96,False,131.68,129.63,133.72,96.7,90.0,68.8,81.0,60.0,52.5,67.5,50.0,50.0,50.0,60.0,4.5,3.1919,3.5539,1.3081,0.9461,-2.3972
JPM,2023-06-12,long_term,ACCUMULATE_ON_WEAKNESS,61.34,medium,BULL_RISK_ON,PROFITABLE_GROWTH,3,131.68490600585938,90.0,63.0,50.0,50.0,strong_uptrend,59.96,False,130.94,129.63,133.72,96.7,90.0,68.8,81.0,60.0,52.5,67.5,50.0,50.0,50.0,60.0,39.4372,26.602,32.4082,12.8352,7.029,-2.7498
JPM,2023-06-19,short_term,BUY_NOW_MOMENTUM,80.04,high,BULL_RISK_ON,PROFITABLE_GROWTH,3,133.79559326171875,100.0,63.0,50.0,40.0,strong_uptrend,64.81,False,130.6388,129.33,133.92,98.4,90.0,63.7,80.0,60.0,59.5,67.5,50.0,50.0,50.0,55.0,7.9962,3.8909,5.1349,4.1053,2.8613,-3.9369
JPM,2023-06-19,medium_term,BUY_STARTER,70.81,medium_high,BULL_RISK_ON,PROFITABLE_GROWTH,3,133.79559326171875,100.0,63.0,50.0,40.0,strong_uptrend,64.81,False,133.8,129.33,133.92,98.4,90.0,63.7,80.0,60.0,59.5,67.5,50.0,50.0,50.0,55.0,4.8053,1.8333,1.171,2.972,3.6343,-3.9369
JPM,2023-06-19,long_term,ACCUMULATE_ON_WEAKNESS,60.92,medium,BULL_RISK_ON,PROFITABLE_GROWTH,3,133.79559326171875,100.0,63.0,50.0,40.0,strong_uptrend,64.81,False,130.6388,129.33,133.92,98.4,90.0,63.7,80.0,60.0,59.5,67.5,50.0,50.0,50.0,55.0,41.1569,26.8067,32.9472,14.3502,8.2097,-4.2839
JPM,2023-06-26,short_term,WAIT_FOR_PULLBACK,67.56,medium_high,BULL_RISK_ON,PROFITABLE_GROWTH,3,129.9944610595703,85.0,63.0,50.0,40.0,strong_uptrend,48.63,False,125.6928,124.44,130.44,68.3,75.0,66.2,61.0,60.0,55.0,67.5,50.0,50.0,50.0,55.0,13.4399,5.5628,5.8991,7.8771,7.5408,-0.8837
JPM,2023-06-26,medium_term,BUY_STARTER,64.01,medium,BULL_RISK_ON,PROFITABLE_GROWTH,3,129.9944610595703,85.0,63.0,50.0,40.0,strong_uptrend,48.63,False,129.99,124.44,130.44,68.3,75.0,66.2,61.0,60.0,55.0,67.5,50.0,50.0,50.0,55.0,5.9385,0.5365,0.6851,5.402,5.2534,-0.8837
JPM,2023-06-26,long_term,ACCUMULATE_ON_WEAKNESS,57.91,medium,BULL_RISK_ON,PROFITABLE_GROWTH,3,129.9944610595703,85.0,63.0,50.0,40.0,strong_uptrend,48.63,False,125.6928,124.44,130.44,68.3,75.0,66.2,61.0,60.0,55.0,67.5,50.0,50.0,50.0,55.0,45.6016,28.2079,35.2285,17.3937,10.3731,-1.4851
JPM,2023-07-03,short_term,BUY_NOW_MOMENTUM,76.1,medium_high,BULL_RISK_ON,PROFITABLE_GROWTH,3,136.92428588867188,100.0,63.0,50.0,40.0,strong_uptrend,68.38,False,131.1836,129.87,150.62,89.5,90.0,51.2,78.0,60.0,69.5,67.5,50.0,50.0,50.0,55.0,7.9459,2.8595,3.3757,5.0864,4.5702,-2.8638
JPM,2023-07-03,medium_term,BUY_NOW,72.06,medium_high,BULL_RISK_ON,PROFITABLE_GROWTH,3,136.92428588867188,100.0,63.0,50.0,40.0,strong_uptrend,68.38,False,136.92,129.87,150.62,89.5,90.0,51.2,78.0,60.0,69.5,67.5,50.0,50.0,50.0,55.0,-1.2637,-3.3738,-2.2974,2.1101,1.0337,-2.8638
JPM,2023-07-03,long_term,ACCUMULATE_ON_WEAKNESS,60.48,medium,BULL_RISK_ON,PROFITABLE_GROWTH,3,136.92428588867188,100.0,63.0,50.0,40.0,strong_uptrend,68.38,False,131.1836,129.87,150.62,89.5,90.0,51.2,78.0,60.0,69.5,67.5,50.0,50.0,50.0,55.0,46.1164,25.9996,33.5247,20.1168,12.5917,-6.471
JPM,2023-07-10,short_term,BUY_NOW_MOMENTUM,81.02,high,BULL_RISK_ON,PROFITABLE_GROWTH,3,136.49171447753906,100.0,63.0,50.0,40.0,strong_uptrend,63.71,False,133.0,131.67,137.74,99.2,90.0,63.7,76.0,60.0,69.5,67.5,50.0,50.0,50.0,55.0,7.9986,2.5133,2.4102,5.4853,5.5884,0.3858
JPM,2023-07-10,medium_term,BUY_STARTER,71.76,medium_high,BULL_RISK_ON,PROFITABLE_GROWTH,3,136.49171447753906,100.0,63.0,50.0,40.0,strong_uptrend,63.71,False,136.49,131.67,137.74,99.2,90.0,63.7,76.0,60.0,69.5,67.5,50.0,50.0,50.0,55.0,0.7032,-1.9572,-0.309,2.6604,1.0122,-2.2603
JPM,2023-07-10,long_term,ACCUMULATE_ON_WEAKNESS,60.96,medium,BULL_RISK_ON,PROFITABLE_GROWTH,3,136.49171447753906,100.0,63.0,50.0,40.0,strong_uptrend,63.71,False,133.0,131.67,137.74,99.2,90.0,63.7,76.0,60.0,69.5,67.5,50.0,50.0,50.0,55.0,46.7631,29.4572,38.2332,17.3059,8.5299,-6.1746
JPM,2023-07-17,short_term,BUY_STARTER_STRONG_BUT_EXTENDED,74.08,medium_high,BULL_RISK_ON,PROFITABLE_GROWTH,3,144.2307891845703,75.0,63.0,50.0,50.0,strong_uptrend,77.75,True,133.0,131.67,158.65,85.0,95.0,38.8,93.0,60.0,57.8,67.5,50.0,50.0,50.0,60.0,0.9062,-0.6055,-3.2043,1.5117,4.1105,-0.7563
JPM,2023-07-17,medium_term,BUY_STARTER,74.14,medium_high,BULL_RISK_ON,PROFITABLE_GROWTH,3,144.2307891845703,75.0,63.0,50.0,50.0,strong_uptrend,77.75,True,144.23,131.67,158.65,85.0,95.0,38.8,93.0,60.0,57.8,67.5,50.0,50.0,50.0,60.0,-2.7956,-3.9522,-4.3912,1.1566,1.5956,-7.5048
JPM,2023-07-17,long_term,ACCUMULATE_ON_WEAKNESS,61.25,medium,BULL_RISK_ON,PROFITABLE_GROWTH,3,144.2307891845703,75.0,63.0,50.0,50.0,strong_uptrend,77.75,True,133.0,131.67,158.65,85.0,95.0,38.8,93.0,60.0,57.8,67.5,50.0,50.0,50.0,60.0,44.9503,25.2618,26.7857,19.6885,18.1646,-11.2091
JPM,2023-07-24,short_term,BUY_STARTER_STRONG_BUT_EXTENDED,74.14,medium_high,BULL_RISK_ON,PROFITABLE_GROWTH,3,148.57522583007812,85.0,63.0,50.0,50.0,strong_uptrend,79.43,True,143.14,141.71,163.43,85.0,100.0,38.8,88.0,60.0,64.8,67.5,50.0,50.0,50.0,60.0,-5.3924,-3.2717,-3.2773,-2.1207,-2.1151,-6.6835
JPM,2023-07-24,medium_term,BUY_STARTER,75.5,medium_high,BULL_RISK_ON,PROFITABLE_GROWTH,3,148.57522583007812,85.0,63.0,50.0,50.0,strong_uptrend,79.43,True,148.58,141.71,163.43,85.0,100.0,38.8,88.0,60.0,64.8,67.5,50.0,50.0,50.0,60.0,-8.8577,-6.9406,-5.6127,-1.9171,-3.245,-10.2094
JPM,2023-07-24,long_term,ACCUMULATE_ON_WEAKNESS,61.75,medium,BULL_RISK_ON,PROFITABLE_GROWTH,3,148.57522583007812,85.0,63.0,50.0,50.0,strong_uptrend,79.43,True,143.14,141.71,163.43,85.0,100.0,38.8,88.0,60.0,64.8,67.5,50.0,50.0,50.0,60.0,35.3395,20.8279,24.014,14.5116,11.3255,-13.8054
JPM,2023-07-31,short_term,BUY_NOW_MOMENTUM,71.15,medium_high,BULL_RISK_ON,PROFITABLE_GROWTH,3,148.53759765625,90.0,63.0,50.0,50.0,strong_uptrend,72.15,False,146.27,144.81,149.31,82.0,100.0,43.8,73.0,60.0,64.8,67.5,50.0,50.0,50.0,60.0,-6.5839,-3.2832,-4.4099,-3.3007,-2.174,-7.9134
JPM,2023-07-31,medium_term,BUY_NOW,73.15,medium_high,BULL_RISK_ON,PROFITABLE_GROWTH,3,148.53759765625,90.0,63.0,50.0,50.0,strong_uptrend,72.15,False,148.54,144.81,149.31,82.0,100.0,43.8,73.0,60.0,64.8,67.5,50.0,50.0,50.0,60.0,-13.4647,-9.9743,-9.8702,-3.4904,-3.5945,-13.7835
JPM,2023-07-31,long_term,ACCUMULATE_ON_WEAKNESS,61.6,medium,BULL_RISK_ON,PROFITABLE_GROWTH,3,148.53759765625,90.0,63.0,50.0,50.0,strong_uptrend,72.15,False,146.27,144.81,149.31,82.0,100.0,43.8,73.0,60.0,64.8,67.5,50.0,50.0,50.0,60.0,38.1061,22.0023,23.6241,16.1038,14.482,-13.7835
JPM,2023-08-07,short_term,BUY_NOW_MOMENTUM,75.34,medium_high,BULL_RISK_ON,PROFITABLE_GROWTH,3,147.4091796875,100.0,63.0,50.0,50.0,strong_uptrend,64.75,False,146.27,144.81,147.82,90.0,100.0,72.5,42.0,68.2,74.8,67.5,50.0,50.0,50.0,60.0,-7.3743,-0.3261,0.7676,-7.0482,-8.1419,-7.4956
JPM,2023-08-07,medium_term,BUY_STARTER,69.87,medium_high,BULL_RISK_ON,PROFITABLE_GROWTH,3,147.4091796875,100.0,63.0,50.0,50.0,strong_uptrend,64.75,False,147.41,144.81,147.82,90.0,100.0,72.5,42.0,68.2,74.8,67.5,50.0,50.0,50.0,60.0,-8.1046,-3.2142,-1.8518,-4.8904,-6.2528,-13.1235
JPM,2023-08-07,long_term,ACCUMULATE_ON_WEAKNESS,62.41,medium,BULL_RISK_ON,PROFITABLE_GROWTH,3,147.4091796875,100.0,63.0,50.0,50.0,strong_uptrend,64.75,False,146.27,144.81,147.82,90.0,100.0,72.5,42.0,68.2,74.8,67.5,50.0,50.0,50.0,60.0,31.0542,16.6858,16.6797,14.3684,14.3745,-13.1235
JPM,2023-08-14,short_term,BUY_NOW_MOMENTUM,73.14,medium_high,BULL_RISK_ON,PROFITABLE_GROWTH,3,145.53787231445312,100.0,63.0,50.0,50.0,strong_uptrend,56.63,False,144.0913,142.65,147.82,80.0,85.0,66.2,52.0,68.2,73.0,67.5,50.0,50.0,50.0,60.0,-5.4468,-0.4731,0.6588,-4.9737,-6.1056,-7.831
JPM,2023-08-14,medium_term,BUY_STARTER,68.02,medium_high,BULL_RISK_ON,PROFITABLE_GROWTH,3,145.53787231445312,100.0,63.0,50.0,50.0,strong_uptrend,56.63,False,145.54,142.65,147.82,80.0,85.0,66.2,52.0,68.2,73.0,67.5,50.0,50.0,50.0,60.0,-4.6905,-1.3269,2.3188,-3.3636,-7.0093,-12.0065
JPM,2023-08-14,long_term,ACCUMULATE_ON_WEAKNESS,60.41,medium,BULL_RISK_ON,PROFITABLE_GROWTH,3,145.53787231445312,100.0,63.0,50.0,50.0,strong_uptrend,56.63,False,144.0913,142.65,147.82,80.0,85.0,66.2,52.0,68.2,73.0,67.5,50.0,50.0,50.0,60.0,39.257,23.0402,25.8062,16.2168,13.4508,-12.0065
JPM,2023-08-21,short_term,WATCHLIST,47.5,low,SIDEWAYS_CHOPPY,PROFITABLE_GROWTH,3,140.56344604492188,100.0,63.0,50.0,50.0,strong_uptrend,42.01,False,138.65,137.26,141.59,41.2,70.0,51.2,35.0,55.3,56.2,67.5,50.0,50.0,50.0,60.0,-0.368,1.1225,1.7877,-1.4905,-2.1557,-4.5692
JPM,2023-08-21,medium_term,WATCHLIST_NEEDS_CONFIRMATION,57.18,medium,SIDEWAYS_CHOPPY,PROFITABLE_GROWTH,3,140.56344604492188,100.0,63.0,50.0,50.0,strong_uptrend,42.01,False,138.65,137.26,141.59,41.2,70.0,51.2,35.0,55.3,56.2,67.5,50.0,50.0,50.0,60.0,2.9888,2.9681,6.2377,0.0207,-3.2489,-8.8925
JPM,2023-08-21,long_term,ACCUMULATE_ON_WEAKNESS,56.33,medium,SIDEWAYS_CHOPPY,PROFITABLE_GROWTH,3,140.56344604492188,100.0,63.0,50.0,50.0,strong_uptrend,42.01,False,138.65,137.26,141.59,41.2,70.0,51.2,35.0,55.3,56.2,67.5,50.0,50.0,50.0,60.0,47.1753,29.3899,33.5064,17.7854,13.6689,-8.8925
JPM,2023-08-28,short_term,WATCHLIST,40.92,low,SIDEWAYS_CHOPPY,PROFITABLE_GROWTH,3,138.7579803466797,55.0,63.0,50.0,50.0,weak_uptrend,39.78,False,138.65,137.26,141.59,28.0,55.0,53.8,16.0,55.3,56.2,67.5,50.0,50.0,50.0,60.0,-1.7823,-3.4732,-3.2821,1.6909,1.4998,-3.3275
JPM,2023-08-28,medium_term,WATCHLIST_NEEDS_CONFIRMATION,51.33,medium,SIDEWAYS_CHOPPY,PROFITABLE_GROWTH,3,138.7579803466797,55.0,63.0,50.0,50.0,weak_uptrend,39.78,False,138.65,137.26,141.59,28.0,55.0,53.8,16.0,55.3,56.2,67.5,50.0,50.0,50.0,60.0,4.5814,3.0091,6.2639,1.5723,-1.6825,-7.707
JPM,2023-08-28,long_term,WATCHLIST_VALUATION_TOO_RICH,54.16,medium,SIDEWAYS_CHOPPY,PROFITABLE_GROWTH,3,138.7579803466797,55.0,63.0,50.0,50.0,weak_uptrend,39.78,False,138.65,137.26,141.59,28.0,55.0,53.8,16.0,55.3,56.2,67.5,50.0,50.0,50.0,60.0,53.7381,27.8592,29.4042,25.8789,24.3339,-7.707
JPM,2023-09-04,short_term,WATCHLIST,41.71,low,BULL_RISK_ON,PROFITABLE_GROWTH,3,138.06211853027344,55.0,63.0,50.0,50.0,weak_uptrend,39.73,False,136.965,135.6,141.57,28.0,55.0,53.8,18.0,55.3,37.0,67.5,50.0,50.0,50.0,60.0,-2.0774,-4.5461,-4.3079,2.4687,2.2305,-2.8538
JPM,2023-09-04,medium_term,WATCHLIST_NEEDS_CONFIRMATION,50.82,medium,BULL_RISK_ON,PROFITABLE_GROWTH,3,138.06211853027344,55.0,63.0,50.0,50.0,weak_uptrend,39.73,False,136.965,135.6,141.57,28.0,55.0,53.8,18.0,55.3,37.0,67.5,50.0,50.0,50.0,60.0,7.6129,2.5553,3.2889,5.0576,4.324,-7.2418
JPM,2023-09-04,long_term,WATCHLIST_VALUATION_TOO_RICH,54.16,medium,BULL_RISK_ON,PROFITABLE_GROWTH,3,138.06211853027344,55.0,63.0,50.0,50.0,weak_uptrend,39.73,False,136.965,135.6,141.57,28.0,55.0,53.8,18.0,55.3,37.0,67.5,50.0,50.0,50.0,60.0,53.1444,24.3559,22.6727,28.7885,30.4717,-7.2418
JPM,2023-09-11,short_term,WATCHLIST,41.03,low,BULL_RISK_ON,PROFITABLE_GROWTH,3,135.84291076660156,45.0,63.0,50.0,50.0,weak_uptrend,35.72,False,133.57,132.23,137.74,28.0,55.0,53.8,11.0,55.3,42.2,67.5,50.0,50.0,50.0,60.0,0.954,-3.2635,-2.6207,4.2175,3.5747,-1.7935
JPM,2023-09-11,medium_term,WATCHLIST_NEEDS_CONFIRMATION,50.54,medium,BULL_RISK_ON,PROFITABLE_GROWTH,3,135.84291076660156,45.0,63.0,50.0,50.0,weak_uptrend,35.72,False,133.57,132.23,137.74,28.0,55.0,53.8,11.0,55.3,42.2,67.5,50.0,50.0,50.0,60.0,10.5425,2.9821,4.1827,7.5604,6.3598,-5.7265
JPM,2023-09-11,long_term,WATCHLIST_VALUATION_TOO_RICH,54.16,medium,BULL_RISK_ON,PROFITABLE_GROWTH,3,135.84291076660156,45.0,63.0,50.0,50.0,weak_uptrend,35.72,False,133.57,132.23,137.74,28.0,55.0,53.8,11.0,55.3,42.2,67.5,50.0,50.0,50.0,60.0,47.0596,25.3595,25.1702,21.7001,21.8894,-5.7265
JPM,2023-09-18,short_term,WAIT_FOR_PULLBACK,64.64,medium,SIDEWAYS_CHOPPY,PROFITABLE_GROWTH,3,140.2248992919922,75.0,63.0,50.0,40.0,weak_uptrend,54.16,False,138.65,137.26,141.6,85.0,70.0,68.8,40.0,63.5,65.2,67.5,50.0,50.0,50.0,55.0,-0.1201,-1.7109,-0.3372,1.5908,0.2171,-4.8624
JPM,2023-09-18,medium_term,WATCHLIST_NEEDS_CONFIRMATION,58.78,medium,SIDEWAYS_CHOPPY,PROFITABLE_GROWTH,3,140.2248992919922,75.0,63.0,50.0,40.0,weak_uptrend,54.16,False,138.65,137.26,141.6,85.0,70.0,68.8,40.0,63.5,65.2,67.5,50.0,50.0,50.0,55.0,11.621,6.2221,9.3563,5.3989,2.2647,-8.6725
JPM,2023-09-18,long_term,ACCUMULATE_ON_WEAKNESS,58.42,medium,SIDEWAYS_CHOPPY,PROFITABLE_GROWTH,3,140.2248992919922,75.0,63.0,50.0,40.0,weak_uptrend,54.16,False,138.65,137.26,141.6,85.0,70.0,68.8,40.0,63.5,65.2,67.5,50.0,50.0,50.0,55.0,42.6702,27.866,27.882,14.8042,14.7882,-8.6725
JPM,2023-09-25,short_term,WATCHLIST,47.31,low,SIDEWAYS_CHOPPY,PROFITABLE_GROWTH,3,137.71417236328125,65.0,63.0,50.0,40.0,weak_uptrend,44.58,False,136.965,135.6,137.74,28.0,35.0,57.5,31.0,55.3,77.2,67.5,50.0,50.0,50.0,55.0,-3.011,-2.7231,-1.0956,-0.2879,-1.9154,-3.1967
JPM,2023-09-25,medium_term,WATCHLIST_NEEDS_CONFIRMATION,52.23,medium,SIDEWAYS_CHOPPY,PROFITABLE_GROWTH,3,137.71417236328125,65.0,63.0,50.0,40.0,weak_uptrend,44.58,False,136.965,135.6,137.74,28.0,35.0,57.5,31.0,55.3,77.2,67.5,50.0,50.0,50.0,55.0,15.1487,10.0271,13.7887,5.1216,1.36,-7.0075
JPM,2023-09-25,long_term,WATCHLIST_VALUATION_TOO_RICH,51.66,medium,SIDEWAYS_CHOPPY,PROFITABLE_GROWTH,3,137.71417236328125,65.0,63.0,50.0,40.0,weak_uptrend,44.58,False,136.965,135.6,137.74,28.0,35.0,57.5,31.0,55.3,77.2,67.5,50.0,50.0,50.0,55.0,47.1333,33.6669,36.0229,13.4664,11.1104,-7.0075
JPM,2023-10-02,short_term,AVOID_BAD_CHART,35.66,low,SIDEWAYS_CHOPPY,PROFITABLE_GROWTH,3,135.19403076171875,40.0,63.0,50.0,40.0,weak_uptrend,39.12,False,135.13,133.78,137.74,8.0,35.0,53.8,23.0,55.3,48.5,67.5,50.0,50.0,50.0,55.0,-3.7115,-2.7427,-3.3383,-0.9688,-0.3732,-5.274
JPM,2023-10-02,medium_term,WATCHLIST_NEEDS_CONFIRMATION,46.73,low,SIDEWAYS_CHOPPY,PROFITABLE_GROWTH,3,135.19403076171875,40.0,63.0,50.0,40.0,weak_uptrend,39.12,False,135.13,133.78,137.74,8.0,35.0,53.8,23.0,55.3,48.5,67.5,50.0,50.0,50.0,55.0,20.5744,11.059,11.7218,9.5154,8.8526,-5.274
JPM,2023-10-02,long_term,WATCHLIST_VALUATION_TOO_RICH,50.66,medium,SIDEWAYS_CHOPPY,PROFITABLE_GROWTH,3,135.19403076171875,40.0,63.0,50.0,40.0,weak_uptrend,39.12,False,135.13,133.78,137.74,8.0,35.0,53.8,23.0,55.3,48.5,67.5,50.0,50.0,50.0,55.0,47.8082,34.9261,34.3231,12.8821,13.4851,-5.274
JPM,2023-10-09,short_term,WATCHLIST,52.89,medium,SIDEWAYS_CHOPPY,PROFITABLE_GROWTH,3,137.13890075683594,45.0,63.0,50.0,40.0,weak_uptrend,48.51,False,136.965,135.6,137.97,55.0,35.0,68.8,38.0,55.3,45.0,67.5,50.0,50.0,50.0,55.0,-0.4766,0.7865,0.7229,-1.2631,-1.1995,-6.6174
JPM,2023-10-09,medium_term,WATCHLIST_NEEDS_CONFIRMATION,48.45,low,SIDEWAYS_CHOPPY,PROFITABLE_GROWTH,3,137.13890075683594,45.0,63.0,50.0,40.0,weak_uptrend,48.51,False,136.965,135.6,137.97,55.0,35.0,68.8,38.0,55.3,45.0,67.5,50.0,50.0,50.0,55.0,18.6105,10.0653,10.9707,8.5452,7.6398,-6.6174
JPM,2023-10-09,long_term,WATCHLIST_VALUATION_TOO_RICH,53.02,medium,SIDEWAYS_CHOPPY,PROFITABLE_GROWTH,3,137.13890075683594,45.0,63.0,50.0,40.0,weak_uptrend,48.51,False,136.965,135.6,137.97,55.0,35.0,68.8,38.0,55.3,45.0,67.5,50.0,50.0,50.0,55.0,50.9403,35.313,35.4573,15.6273,15.483,-6.6174
JPM,2023-10-16,short_term,WAIT_FOR_PULLBACK,56.0,medium,SIDEWAYS_CHOPPY,PROFITABLE_GROWTH,3,140.05654907226562,75.0,63.0,50.0,50.0,strong_uptrend,58.29,False,138.2256,136.84,141.68,65.0,65.0,63.7,45.0,55.3,43.2,67.5,50.0,50.0,50.0,60.0,-1.4001,0.9517,2.1115,-2.3518,-3.5116,-8.5627
JPM,2023-10-16,medium_term,WATCHLIST_NEEDS_CONFIRMATION,55.73,medium,SIDEWAYS_CHOPPY,PROFITABLE_GROWTH,3,140.05654907226562,75.0,63.0,50.0,50.0,strong_uptrend,58.29,False,138.2256,136.84,141.68,65.0,65.0,63.7,45.0,55.3,43.2,67.5,50.0,50.0,50.0,60.0,13.7101,8.7526,10.5108,4.9575,3.1993,-8.5627
JPM,2023-10-16,long_term,ACCUMULATE_ON_WEAKNESS,57.02,medium,SIDEWAYS_CHOPPY,PROFITABLE_GROWTH,3,140.05654907226562,75.0,63.0,50.0,50.0,strong_uptrend,58.29,False,138.2256,136.84,141.68,65.0,65.0,63.7,45.0,55.3,43.2,67.5,50.0,50.0,50.0,60.0,54.8734,35.3486,33.8017,19.5248,21.0717,-8.5627
JPM,2023-10-23,short_term,AVOID_BAD_CHART,28.48,low,SIDEWAYS_CHOPPY,PROFITABLE_GROWTH,3,133.567626953125,40.0,63.0,50.0,50.0,weak_uptrend,35.59,False,131.1836,129.87,134.35,8.0,35.0,51.2,11.0,45.9,23.0,67.5,50.0,50.0,50.0,60.0,8.7163,8.0388,9.8603,0.6775,-1.144,-4.1206
JPM,2023-10-23,medium_term,AVOID_BAD_BUSINESS,41.6,low,SIDEWAYS_CHOPPY,PROFITABLE_GROWTH,3,133.567626953125,40.0,63.0,50.0,50.0,weak_uptrend,35.59,False,131.1836,129.87,134.35,8.0,35.0,51.2,11.0,45.9,23.0,67.5,50.0,50.0,50.0,60.0,21.6676,15.9107,20.0284,5.7569,1.6392,-4.1206
JPM,2023-10-23,long_term,WATCHLIST_VALUATION_TOO_RICH,50.7,medium,SIDEWAYS_CHOPPY,PROFITABLE_GROWTH,3,133.567626953125,40.0,63.0,50.0,50.0,weak_uptrend,35.59,False,131.1836,129.87,134.35,8.0,35.0,51.2,11.0,45.9,23.0,67.5,50.0,50.0,50.0,60.0,62.2304,39.325,38.2487,22.9054,23.9817,-4.1206
JPM,2023-10-30,short_term,AVOID_BAD_CHART,23.24,low,SIDEWAYS_CHOPPY,PROFITABLE_GROWTH,3,130.17633056640625,15.0,63.0,50.0,50.0,downtrend,32.89,False,125.6928,124.44,134.38,0.0,10.0,35.0,11.0,45.9,23.0,67.5,50.0,50.0,50.0,60.0,11.7304,9.4661,11.7383,2.2643,-0.0079,0.0364
JPM,2023-10-30,medium_term,AVOID_BAD_BUSINESS,36.6,low,SIDEWAYS_CHOPPY,PROFITABLE_GROWTH,3,130.17633056640625,15.0,63.0,50.0,50.0,downtrend,32.89,False,125.6928,124.44,134.38,0.0,10.0,35.0,11.0,45.9,23.0,67.5,50.0,50.0,50.0,60.0,27.6635,16.6625,19.7086,11.001,7.9549,0.0364
JPM,2023-10-30,long_term,WATCHLIST_VALUATION_TOO_RICH,47.8,low,SIDEWAYS_CHOPPY,PROFITABLE_GROWTH,3,130.17633056640625,15.0,63.0,50.0,50.0,downtrend,32.89,False,125.6928,124.44,134.38,0.0,10.0,35.0,11.0,45.9,23.0,67.5,50.0,50.0,50.0,60.0,67.2018,41.4503,43.1227,25.7515,24.0791,0.0364
JPM,2023-11-06,short_term,WATCHLIST,53.73,medium,BULL_RISK_ON,PROFITABLE_GROWTH,3,136.4852752685547,55.0,63.0,50.0,50.0,weak_uptrend,53.85,False,135.13,133.78,137.97,50.0,50.0,72.5,46.0,45.9,18.2,67.5,50.0,50.0,50.0,60.0,9.6405,4.7993,4.8969,4.8412,4.7436,-0.8745
JPM,2023-11-06,medium_term,WATCHLIST_NEEDS_CONFIRMATION,51.22,medium,BULL_RISK_ON,PROFITABLE_GROWTH,3,136.4852752685547,55.0,63.0,50.0,50.0,weak_uptrend,53.85,False,135.13,133.78,137.97,50.0,50.0,72.5,46.0,45.9,18.2,67.5,50.0,50.0,50.0,60.0,22.5095,14.7879,17.2992,7.7216,5.2103,-0.8745
JPM,2023-11-06,long_term,WATCHLIST_VALUATION_TOO_RICH,54.3,medium,BULL_RISK_ON,PROFITABLE_GROWTH,3,136.4852752685547,55.0,63.0,50.0,50.0,weak_uptrend,53.85,False,135.13,133.78,137.97,50.0,50.0,72.5,46.0,45.9,18.2,67.5,50.0,50.0,50.0,60.0,75.5689,37.4905,37.8748,38.0784,37.6941,-0.8745
JPM,2023-11-13,short_term,WAIT_FOR_PULLBACK,56.44,medium,BULL_RISK_ON,PROFITABLE_GROWTH,3,138.09564208984375,40.0,63.0,50.0,50.0,sideways,57.48,False,135.13,133.78,141.68,50.0,65.0,68.8,58.0,55.3,17.5,67.5,50.0,50.0,50.0,60.0,10.1111,5.4317,5.6891,4.6794,4.422,0.5076
JPM,2023-11-13,medium_term,WATCHLIST_NEEDS_CONFIRMATION,56.12,medium,BULL_RISK_ON,PROFITABLE_GROWTH,3,138.09564208984375,40.0,63.0,50.0,50.0,sideways,57.48,False,135.13,133.78,141.68,50.0,65.0,68.8,58.0,55.3,17.5,67.5,50.0,50.0,50.0,60.0,21.495,13.7217,15.1384,7.7733,6.3566,0.5076
JPM,2023-11-13,long_term,ACCUMULATE_ON_WEAKNESS,56.27,medium,BULL_RISK_ON,PROFITABLE_GROWTH,3,138.09564208984375,40.0,63.0,50.0,50.0,sideways,57.48,False,135.13,133.78,141.68,50.0,65.0,68.8,58.0,55.3,17.5,67.5,50.0,50.0,50.0,60.0,69.3777,37.5009,36.7311,31.8768,32.6466,0.5076
JPM,2023-11-20,short_term,BUY_NOW_MOMENTUM,72.83,medium_high,BULL_RISK_ON,PROFITABLE_GROWTH,3,145.20977783203125,90.0,63.0,50.0,50.0,strong_uptrend,72.48,False,144.0913,142.65,145.36,88.5,95.0,38.8,81.0,68.2,54.8,67.5,50.0,50.0,50.0,60.0,9.8898,4.9543,4.9233,4.9355,4.9665,-0.4697
JPM,2023-11-20,medium_term,BUY_STARTER,71.8,medium_high,BULL_RISK_ON,PROFITABLE_GROWTH,3,145.20977783203125,90.0,63.0,50.0,50.0,strong_uptrend,72.48,False,145.21,142.65,145.36,88.5,95.0,38.8,81.0,68.2,54.8,67.5,50.0,50.0,50.0,60.0,20.1637,12.1731,12.3959,7.9906,7.7678,-0.4697
JPM,2023-11-20,long_term,ACCUMULATE_ON_WEAKNESS,61.84,medium,BULL_RISK_ON,PROFITABLE_GROWTH,3,145.20977783203125,90.0,63.0,50.0,50.0,strong_uptrend,72.48,False,144.0913,142.65,145.36,88.5,95.0,38.8,81.0,68.2,54.8,67.5,50.0,50.0,50.0,60.0,60.8257,31.7494,29.6568,29.0763,31.1689,-0.4697
JPM,2023-11-27,short_term,BUY_NOW_MOMENTUM,75.73,medium_high,BULL_RISK_ON,PROFITABLE_GROWTH,3,145.1150665283203,90.0,63.0,50.0,50.0,strong_uptrend,70.37,False,144.0913,142.65,146.58,92.0,100.0,43.8,85.0,68.2,54.8,67.5,50.0,50.0,50.0,60.0,9.9223,5.0824,5.7894,4.8399,4.1329,-0.3068
JPM,2023-11-27,medium_term,BUY_NOW,73.46,medium_high,BULL_RISK_ON,PROFITABLE_GROWTH,3,145.1150665283203,90.0,63.0,50.0,50.0,strong_uptrend,70.37,False,145.12,142.65,146.58,92.0,100.0,43.8,85.0,68.2,54.8,67.5,50.0,50.0,50.0,60.0,21.1025,11.8449,12.1281,9.2576,8.9744,-0.3068
JPM,2023-11-27,long_term,ACCUMULATE_ON_WEAKNESS,62.51,medium,BULL_RISK_ON,PROFITABLE_GROWTH,3,145.1150665283203,90.0,63.0,50.0,50.0,strong_uptrend,70.37,False,144.0913,142.65,146.58,92.0,100.0,43.8,85.0,68.2,54.8,67.5,50.0,50.0,50.0,60.0,67.073,33.9492,31.7684,33.1238,35.3046,-0.3068
JPM,2023-12-04,short_term,BUY_STARTER_STRONG_BUT_EXTENDED,76.98,medium_high,BULL_RISK_ON,PROFITABLE_GROWTH,3,149.66204833984375,80.0,63.0,50.0,50.0,strong_uptrend,79.32,True,146.27,144.81,164.63,85.0,100.0,38.8,85.0,68.2,80.8,67.5,50.0,50.0,50.0,60.0,8.4436,3.0657,3.3691,5.3779,5.0745,-1.2596
JPM,2023-12-04,medium_term,BUY_STARTER,77.53,medium_high,BULL_RISK_ON,PROFITABLE_GROWTH,3,149.66204833984375,80.0,63.0,50.0,50.0,strong_uptrend,79.32,True,149.66,144.81,164.63,85.0,100.0,38.8,85.0,68.2,80.8,67.5,50.0,50.0,50.0,60.0,20.703,12.0709,13.8687,8.6321,6.8343,-1.2596
JPM,2023-12-04,long_term,ACCUMULATE_ON_WEAKNESS,62.16,medium,BULL_RISK_ON,PROFITABLE_GROWTH,3,149.66204833984375,80.0,63.0,50.0,50.0,strong_uptrend,79.32,True,146.27,144.81,164.63,85.0,100.0,38.8,85.0,68.2,80.8,67.5,50.0,50.0,50.0,60.0,57.7392,34.8567,36.3763,22.8825,21.3629,-1.2596
JPM,2023-12-11,short_term,BUY_STARTER_STRONG_BUT_EXTENDED,75.68,medium_high,BULL_RISK_ON,PROFITABLE_GROWTH,3,150.71356201171875,80.0,63.0,50.0,50.0,strong_uptrend,75.46,True,147.78,146.3,165.78,85.0,100.0,38.8,88.0,68.2,68.8,67.5,50.0,50.0,50.0,60.0,8.155,3.572,3.5425,4.583,4.6125,-0.1383
JPM,2023-12-11,medium_term,BUY_STARTER,76.12,medium_high,BULL_RISK_ON,PROFITABLE_GROWTH,3,150.71356201171875,80.0,63.0,50.0,50.0,strong_uptrend,75.46,True,150.71,146.3,165.78,85.0,100.0,38.8,88.0,68.2,68.8,67.5,50.0,50.0,50.0,60.0,21.0309,12.1371,11.5901,8.8938,9.4408,-0.1383
JPM,2023-12-11,long_term,ACCUMULATE_ON_WEAKNESS,62.16,medium,BULL_RISK_ON,PROFITABLE_GROWTH,3,150.71356201171875,80.0,63.0,50.0,50.0,strong_uptrend,75.46,True,147.78,146.3,165.78,85.0,100.0,38.8,88.0,68.2,68.8,67.5,50.0,50.0,50.0,60.0,56.7224,33.2658,34.8995,23.4566,21.8229,-0.1383
JPM,2023-12-18,short_term,BUY_STARTER_STRONG_BUT_EXTENDED,75.24,medium_high,BULL_RISK_ON,PROFITABLE_GROWTH,3,157.46768188476562,75.0,63.0,50.0,40.0,strong_uptrend,85.15,True,147.78,146.3,173.21,85.0,100.0,38.8,78.0,68.2,82.8,67.5,50.0,50.0,50.0,55.0,1.3369,0.9577,1.5052,0.3792,-0.1683,-0.5516
JPM,2023-12-18,medium_term,BUY_STARTER,76.23,medium_high,BULL_RISK_ON,PROFITABLE_GROWTH,3,157.46768188476562,75.0,63.0,50.0,40.0,strong_uptrend,85.15,True,157.47,146.3,173.21,85.0,100.0,38.8,78.0,68.2,82.8,67.5,50.0,50.0,50.0,55.0,18.8357,10.6208,9.2146,8.2149,9.6211,-0.5516
JPM,2023-12-18,long_term,ACCUMULATE_ON_WEAKNESS,61.66,medium,BULL_RISK_ON,PROFITABLE_GROWTH,3,157.46768188476562,75.0,63.0,50.0,40.0,strong_uptrend,85.15,True,147.78,146.3,173.21,85.0,100.0,38.8,78.0,68.2,82.8,67.5,50.0,50.0,50.0,55.0,41.8944,25.3911,27.4874,16.5033,14.407,-0.5516
JPM,2023-12-25,short_term,BUY_STARTER_STRONG_BUT_EXTENDED,76.69,medium_high,BULL_RISK_ON,PROFITABLE_GROWTH,3,158.57601928710938,80.0,63.0,50.0,40.0,strong_uptrend,78.37,True,156.885,155.32,160.48,85.0,100.0,43.8,81.0,68.2,81.0,67.5,50.0,50.0,50.0,55.0,2.4799,2.0477,3.693,0.4322,-1.2131,-1.2466
JPM,2023-12-25,medium_term,BUY_STARTER,76.42,medium_high,BULL_RISK_ON,PROFITABLE_GROWTH,3,158.57601928710938,80.0,63.0,50.0,40.0,strong_uptrend,78.37,True,158.58,155.32,160.48,85.0,100.0,43.8,81.0,68.2,81.0,67.5,50.0,50.0,50.0,55.0,17.6445,9.4128,8.0947,8.2317,9.5498,-1.2466
JPM,2023-12-25,long_term,ACCUMULATE_ON_WEAKNESS,61.66,medium,BULL_RISK_ON,PROFITABLE_GROWTH,3,158.57601928710938,80.0,63.0,50.0,40.0,strong_uptrend,78.37,True,156.885,155.32,160.48,85.0,100.0,43.8,81.0,68.2,81.0,67.5,50.0,50.0,50.0,55.0,48.2056,28.0381,29.8165,20.1675,18.3891,-1.2466
